8.860871296195724778e-01	4.195390071573670138e-02	3.609242176610499842e-01	-2.877901632145199451e-01
9.292890685909537263e-01	1.184589453789721275e-01	2.865786516294344111e-01	-2.006538853033120462e-01
9.341644794456741563e-01	-3.481471145954714852e-01	-7.826735392211239817e-02	2.129143224635535441e-03
9.025931135194892319e-01	3.154138851732805615e-01	5.290318419639564000e-03	2.929364521497963003e-01
9.325704013791813463e-01	-1.844087112912743132e-01	2.649390275482984558e-01	-1.615957467049363716e-01
8.992068648471859271e-01	-2.134678335849481690e-01	-2.823366200610998855e-01	2.571857912263383894e-01
9.170650352627400803e-01	-3.237488330394009961e-01	7.734335511600946844e-02	-2.195368297657007972e-01
9.804909810602095988e-01	-1.128939235029009919e-01	1.595863696425426914e-01	2.060555070903230188e-02
9.270709062830820857e-01	1.800430273974766016e-01	2.296003601433519170e-01	-2.353884398840762338e-01
9.142263251459549211e-01	-2.503100683353532974e-01	-1.008695995157552344e-01	3.022588625559299857e-01
9.062734666894993740e-01	2.893810323213303129e-02	-3.211702506081184905e-01	-2.732776241850796151e-01
9.148799865295600409e-01	7.585649859288053076e-02	-3.687826697983625501e-01	1.457386164518250371e-01
8.984330551377716079e-01	-1.140000046675583439e-01	2.125703062667657905e-01	3.669276621696159757e-01
8.899918292252622098e-01	1.539797207918625066e-01	-3.197385477819971178e-01	2.863076152661525042e-01
9.285245529851474666e-01	-7.313383594510050600e-02	1.152064366944431789e-01	3.452840475432603640e-01
9.450696291640043878e-01	5.555307122228047428e-02	2.023620862079268112e-01	-2.506129253952379954e-01
9.200020176330762078e-01	-2.581515791343073074e-01	9.642363975186290376e-03	-2.947220293064337637e-01
8.884223853059722842e-01	2.876287740820671068e-01	2.778691100291573735e-01	2.253089241439354962e-01
9.044591779417281430e-01	3.573609159996819495e-01	-7.958463200854608288e-02	-2.188905148719468563e-01
9.882869892838865855e-01	6.356214392283110470e-02	-8.505931738183022950e-02	1.096065381200477667e-01
8.735404220905274020e-01	-2.166615194727972149e-01	3.212749543437361521e-01	-2.945629315869059961e-01
8.645638138726381428e-01	3.446280713841047838e-01	-1.017480322505040086e-01	-3.512950926062317070e-01
9.419223469018421779e-01	-1.736092663100315681e-01	-7.015254869469683685e-02	-2.787843879593266405e-01
9.407377133283248982e-01	1.820750735182603552e-01	2.426559224901849443e-01	-1.515893320967929281e-01
8.882298851192677036e-01	-1.166943235027490672e-01	2.876762963978167775e-01	3.386332153438049164e-01
9.407132579547829998e-01	2.060509313936288028e-02	2.698479911769269268e-01	2.044897506052398284e-01
8.821294944418102135e-01	-2.414234981950439882e-02	-3.130699336955005130e-01	3.510725261209197701e-01
9.037833792866373228e-01	-3.416041066542849225e-01	-5.340611981386988311e-02	2.522499237038157149e-01
8.876421388117010647e-01	-2.616530770494374658e-01	3.246892931111181602e-01	1.954634585168090188e-01
8.952805248650645975e-01	-3.510977780096573796e-04	3.006531488824650267e-01	3.287557491432553380e-01
9.110943163889448915e-01	1.643111044131724194e-02	2.386991834001357948e-01	-3.356484248399427273e-01
9.136053296020569814e-01	-5.154603999086281030e-02	-1.542683397680251201e-01	3.726520989196148159e-01
8.923587293836950929e-01	-3.470154134193943474e-01	1.458168273961574501e-01	2.490254079209655025e-01
9.339001171104431842e-01	1.451589048552747174e-01	-1.709550377251813635e-01	-2.784489875698950567e-01
9.058888359790483458e-01	3.441345172528841867e-01	-2.132810139079931513e-02	2.459308093239090942e-01
9.096406522588148524e-01	2.198698566683995048e-01	8.674988605689125387e-02	-3.415927211693651211e-01
9.257010629279356362e-01	-3.040122999882790417e-02	1.482563005557993585e-02	3.767406375772378579e-01
8.910449111120711807e-01	3.416058430985099981e-01	-2.802931644613399498e-01	1.038275315053071302e-01
9.623487901579867998e-01	-1.064422601483649283e-01	-5.845149345706648208e-02	-2.431836224925628120e-01
9.334991742249205693e-01	-1.706684524501159705e-01	3.143897601590279756e-01	2.471132871423211211e-02
8.901625904218208873e-01	-6.856648654264849152e-02	3.697342240982505190e-01	-2.573048834887807779e-01
9.927656845356790383e-01	-2.204882808389878324e-02	2.237161938208610812e-02	1.158863902050378814e-01
9.464822956922751551e-01	-2.519212659435587920e-01	7.762615622187721276e-02	1.862286754951883450e-01
9.021639833277325105e-01	-2.143274699092522773e-01	-1.619497030291531248e-01	-3.375443326695125035e-01
9.549046429446678141e-01	-1.615234153393156624e-01	5.099155491389535666e-02	-2.438589151687969581e-01
9.482977418748221865e-01	-2.139752506175623126e-01	1.748837652252974439e-01	-1.560822012238662904e-01
9.393459189930127851e-01	2.211229548930290223e-01	6.100599099264954889e-02	2.549748072919214015e-01
9.444066136814096568e-01	2.510772873342238531e-01	-1.878291758153046997e-01	-9.887641039319590430e-02
9.697580302857823353e-01	-1.573292015750630546e-01	1.053679239178813010e-01	-1.539950831592631630e-01
9.180781441084091554e-01	-8.222455784981437532e-02	-2.857036249347751355e-01	-2.621928337998408742e-01
9.661556777744961799e-01	-6.187932449926633605e-02	1.882717219169682543e-01	-1.651299919155762297e-01
9.314498359197610489e-01	2.452900564543360456e-03	-1.959946735797635231e-01	3.065636546824046516e-01
9.153360274976708455e-01	-1.124628540076343386e-01	3.323863281899575028e-01	-1.975636405456188960e-01
9.806612529879464857e-01	6.557320883064893247e-02	-6.512223067207351807e-03	1.842857892581135359e-01
9.162068980745919911e-01	-2.640386770647722980e-01	-2.890754776927166869e-01	8.534556304311727293e-02
9.632641054325030705e-01	-7.702019677340529204e-03	1.053968862288884312e-01	-2.468895268160727907e-01
9.211844697744719923e-01	-1.311511030958940893e-01	1.116841236790242081e-01	3.489200729695893788e-01
8.782944746510740197e-01	-3.501167793951779350e-01	-2.986551105732970224e-01	-1.297003527820717594e-01
9.562912306859729927e-01	2.435389967851886162e-01	1.375472882499004235e-01	8.530288771823556215e-02
8.792787096894336685e-01	-2.071324103363051880e-02	-3.509313456272195042e-01	3.213831093710998732e-01
9.452639490631097319e-01	-1.779661711793424639e-01	2.710053405989261144e-01	-3.688107759054281426e-02
9.376272844451496447e-01	2.223386531988267301e-01	1.326205325651608202e-01	2.320180878722161444e-01
9.551255924469873593e-01	2.520579119156348691e-01	-1.028878527190715819e-01	-1.166876234070262780e-01
9.462368670569581974e-01	1.618048817048787780e-01	1.820478282346109089e-01	2.128698191706946408e-01
9.486797035815166534e-01	-2.023056793678542076e-01	-2.381105820082536628e-01	4.881170805951476344e-02
9.796770193611827882e-01	-7.140437153558812367e-02	1.384324501594624834e-01	-1.263756709341014028e-01
9.662951375263368892e-01	-1.407541791895110805e-01	1.769109994470664804e-01	1.231440884016958004e-01
8.754588284517068608e-01	-1.227902928280493189e-01	3.441786250671285408e-01	-3.162838246260277208e-01
9.854091129647013503e-01	-1.130500672270789569e-01	1.335951080151491152e-02	-1.265309679770827977e-01
9.147184326111825747e-01	-9.592217896223227680e-02	-2.323023003600663272e-01	-3.164249766878405312e-01
9.433455308906898429e-01	-8.261011988563721209e-02	1.978552522975496331e-01	2.532352198635019480e-01
9.136496868906923696e-01	1.295437532784945167e-01	2.843424935856609381e-01	-2.600230989211317900e-01
9.585616847196223311e-01	1.475344490222028904e-01	-1.837712427671408244e-01	-1.600662777446110463e-01
9.162079992804144091e-01	3.321586017152711179e-02	2.849623979970096199e-01	2.797428111952828811e-01
9.211970518319658741e-01	3.109114536624622005e-01	-1.320474422866649289e-01	1.931153351319850608e-01
9.082166654745739143e-01	3.532381510597967234e-01	-2.236893522705829807e-01	-1.812100634261476495e-02
8.963587855412673555e-01	-2.673069204669095145e-01	-3.492598039195999871e-01	-5.572725741972342495e-02
9.569986569041866176e-01	1.157203472743776884e-01	7.550851975054140297e-02	2.550702557245013158e-01
8.944327403566256773e-01	3.561489218513776978e-01	1.886698275081356568e-01	1.937826479081361242e-01
8.945521526801060164e-01	2.605388634577442408e-01	-2.055158587977383711e-01	2.994314254485710980e-01
8.973513600942192303e-01	-2.847055396169337893e-01	-1.657445784787772158e-01	-2.936529021708756959e-01
9.204698855884964059e-01	3.098343020054963870e-01	9.153192311765236122e-02	2.199086221043901890e-01
8.959529817363164339e-01	5.171825976845046378e-03	2.932327345022192056e-01	-3.335507010189305288e-01
9.236181109400022349e-01	1.715370660084555299e-01	-3.289214314896510838e-01	9.651586416559385095e-02
9.115903192200234262e-01	2.974115220421217343e-01	-2.837170298609045793e-01	7.356862635046024050e-03
9.413934863408439657e-01	2.052705349000152890e-01	-1.143676711874159861e-02	2.674163639995962294e-01
9.259443926914370238e-01	2.212427141271319786e-01	1.343172592067093662e-01	-2.750227571822806416e-01
8.689690640275055111e-01	3.563822273908444083e-01	2.126889687910490379e-01	-2.695326999043004546e-01
9.172556151391371149e-01	-1.833793013503538794e-01	1.373088847136978152e-01	3.258227102438682188e-01
9.800921643670357231e-01	7.644569694996521114e-02	6.158710299986216996e-02	-1.725758775387156996e-01
9.355570193250346556e-01	-1.886997865457956947e-01	4.438540174553803896e-02	2.952209177228387049e-01
9.485003904448172651e-01	2.797063404745996906e-01	-2.830282282050599132e-02	1.459805557076953864e-01
9.870659694546100038e-01	-5.679847968729892331e-03	-1.589974666917549351e-01	1.970575695798969934e-02
9.836813677285303203e-01	1.700169840596694459e-01	5.765546449505432047e-02	-1.187599801454674621e-02
9.836342242767418531e-01	-8.445117101015378602e-02	1.194931516958341877e-01	-1.051337207764591192e-01
9.050544268944220594e-01	-1.517978291242968458e-01	2.856200989757305408e-01	2.761431920092433656e-01
9.212282107640183959e-01	3.651368956544741584e-01	-1.338111924286570498e-01	-1.040172606637042481e-02
9.407423671021556411e-01	3.923416365467337352e-02	-2.046681492350971299e-01	-2.675358440097912460e-01
9.540822743370090953e-01	3.698154364746803618e-02	-4.120419998786236521e-02	-2.943834117757498370e-01
9.049377018766577851e-01	-2.587763338437776284e-01	-1.982323441835974476e-01	2.735443336719711738e-01
8.973966444318408620e-01	-3.551527356658280010e-01	5.488754498022192091e-02	2.559944419662170123e-01
9.526070733462412843e-01	3.439461160182073762e-02	1.516389744380109428e-01	2.614620353605033309e-01
8.812673107125172933e-01	3.024468427024156192e-01	-3.962640041417955089e-02	-3.610035772663243159e-01
9.201495498776973703e-01	1.610092829305123097e-01	3.535513509381422170e-01	-4.901284443783899408e-02
9.704283593027084320e-01	-2.772610755611100083e-02	1.380038679672408036e-02	2.393942600504474771e-01
9.631069762817455748e-01	2.398133060192508270e-01	1.203998277938518463e-01	2.045512064890064527e-02
9.227286295436378794e-01	1.216842475083063785e-01	2.419788645385964887e-01	-2.742463295022717906e-01
9.214323170928080398e-01	-2.688698906788856702e-01	1.341607555497522919e-01	2.463175969629912698e-01
9.003690214220000376e-01	1.906902988762634865e-01	3.402306596813952089e-01	1.929143161894263381e-01
9.685878337338248434e-01	2.210439460662112499e-01	-1.063127515186435695e-01	4.092408966403043857e-02
8.998821312118360227e-01	-2.170437099395300939e-01	3.059639211852436258e-01	2.224640573986705616e-01
8.948369907005383483e-01	1.090899052209259729e-01	2.943264133695581708e-01	3.173926827226897229e-01
9.176494154117527113e-01	-1.870184623437720628e-01	-2.855456620188652761e-01	2.034878867137985270e-01
8.964026284979127457e-01	-2.587566663324904481e-01	2.447546545361894144e-01	2.638228085920544252e-01
9.971648970428718117e-01	2.752860608253290819e-02	6.648527833528283804e-02	2.200117536204936747e-02
9.262985465527908691e-01	-2.876399498350647455e-01	-3.099707129343361525e-02	-2.413989301639474505e-01
8.752869258419613274e-01	-3.254314083979155114e-01	3.570305107699479619e-01	-2.228026610317098907e-02
9.125640608258436259e-01	-3.058343119695319801e-01	-1.600750111458061897e-01	-2.192446106928038485e-01
9.056330043378977290e-01	-2.391635518513853531e-01	-3.449652643547674868e-01	-6.023805531712022460e-02
9.786521047779126459e-01	1.465095265135463523e-02	-1.838058869004068341e-01	9.077887056426804657e-02
8.920412303868772153e-01	1.907917341159445224e-01	1.652686233340934230e-01	-3.748963051620414211e-01
9.585641842489187603e-01	-2.649609307998840868e-01	9.072794985568127801e-02	5.214258278843691974e-02
9.511663789271190828e-01	-2.551307824642392030e-01	1.044293454562913726e-01	-1.388715782492148665e-01
8.812082850998448347e-01	2.979484359248061875e-01	-2.172447179148410124e-01	-2.958097705273667888e-01
8.696904237876807997e-01	-3.225558749445209261e-01	-1.793708963486122521e-01	3.277534986142395246e-01
9.404170380294271103e-01	-4.159974218935850662e-03	3.007123428788851527e-01	1.586523748285812996e-01
9.602061878436399800e-01	-1.254376010278074882e-01	5.396202164542025087e-02	-2.436341217791797298e-01
9.055091936654038332e-01	1.298729409080381370e-01	-2.052949182258461958e-01	-3.479082004753128454e-01
9.159520314559257415e-01	2.198600108066005587e-01	-2.728980931017456202e-01	-1.954995716141479378e-01
9.378998940042112542e-01	-1.377731110795179514e-01	2.779122164868010891e-01	-1.553291943510735351e-01
8.940432644600493362e-01	3.172197398279313352e-01	-3.020847718146797978e-01	9.382466932950350724e-02
9.053152336999229499e-01	-2.374526012997188462e-01	-3.495501311874496531e-01	4.284034959810028437e-02
9.108041497096581729e-01	3.282790193747593399e-01	-9.847693190069044256e-02	-2.301542530422579780e-01
9.726205803280814077e-01	8.881846100049453629e-02	1.523425126536391006e-01	1.513679178232478773e-01
9.876788377408177722e-01	1.863140006547494079e-02	1.513664124160573332e-01	3.509406791524379010e-02
9.898072656635229505e-01	1.271431235652767389e-01	2.256114475082802301e-02	-6.005995102642848471e-02
9.623830503015660121e-01	-2.038091194324513911e-01	-1.772487239122103320e-01	2.938702434604731004e-02
8.776169613919555523e-01	-2.887888266314230790e-01	-2.975118385375320473e-01	2.405747048631963758e-01
9.688587451622573399e-01	1.262803468572734067e-01	5.480763564280161093e-02	-2.058206233482658964e-01
9.629579572891827643e-01	1.535399697298331090e-01	2.383958346993069258e-02	-2.203840385526742440e-01
9.326118281632745921e-01	5.969690583316833443e-02	-2.149324814073227674e-01	-2.836820153622565122e-01
9.837860253205517047e-01	1.703869621419892288e-01	3.807407075486712866e-02	4.103297030643190957e-02
8.851488500833384343e-01	2.782320525389491706e-01	2.676775245735362185e-01	-2.597059509797399190e-01
9.737985230741996734e-01	1.234798021713401917e-01	1.732949486614786538e-01	8.023737086077505076e-02
9.623162666583883196e-01	2.232691593791654994e-01	7.915486789851002014e-02	1.335394783678290898e-01
9.823413754987293522e-01	-1.019785537028016498e-01	1.458831695246698701e-01	-5.765325157686845142e-02
9.646987169639255066e-01	-5.707719252838619473e-02	2.060152765427232802e-01	1.538059992726512060e-01
8.945573060544940169e-01	-2.141919228389940477e-01	-1.696492537867004546e-01	3.537063429805528125e-01
8.853450647787192151e-01	-2.899796241820065124e-01	-8.021199470103658816e-03	3.633339981205840896e-01
8.991773856605050907e-01	-2.899928829469410885e-01	-2.159162273368600005e-01	2.465042387657428724e-01
9.605292008534238590e-01	-1.329317363331619928e-01	2.091293837212117868e-01	1.264029613882514669e-01
9.128213351018265032e-01	2.882830102358618918e-01	1.555808358592534468e-01	2.438128784654429726e-01
9.967425612856677386e-01	7.294249069615334202e-02	3.526251195598341989e-03	-3.422316649923044796e-02
8.805022090140962598e-01	-3.445542832456999216e-01	-1.133980403729241276e-01	3.051869758982506675e-01
9.478762726838624308e-01	2.948564391350640967e-01	3.864397820857815719e-02	1.144416660650885431e-01
9.275905580227362668e-01	3.382605504185150491e-01	2.783988761313018270e-02	-1.561425545945765991e-01
9.654180707764410396e-01	2.071152794041027922e-01	-2.903191728231941868e-02	1.556546094228105914e-01
8.782737542257131880e-01	-2.324261108689501809e-01	-2.556449384602941244e-01	3.305434631999829564e-01
9.222710617373270914e-01	-2.661079213461766124e-01	-1.982363904478047778e-01	1.982548773194395264e-01
9.814749881619497796e-01	-1.325672363505074891e-01	1.377725097749766814e-01	1.230898083486731305e-02
9.563153141363466281e-01	2.431303308863775464e-02	-2.441450597431055469e-01	1.589436572291163807e-01
9.353681834808336149e-01	1.718874600698381272e-01	-1.238746707434497663e-01	-2.831892094531626713e-01
8.989063599192398391e-01	2.050834537049247841e-01	-3.728447788467454393e-01	-1.043786568218015853e-01
9.411331054151160780e-01	2.156284786804546494e-01	-1.857693255935989329e-01	1.823803573363977082e-01
9.243073467935060128e-01	-1.482667967005605603e-01	-2.567778063386118581e-01	2.402874192121478014e-01
9.640103199175295012e-01	7.895380565780270310e-02	2.534265780380203781e-01	-1.501230190848361519e-02
9.589133155640880979e-01	-4.501238961898641061e-02	-2.729718671031644006e-01	-6.281319753752864776e-02
9.155159246420140340e-01	3.685620967188221742e-01	1.561816408565651348e-01	3.999834557146702413e-02
9.011538497403224213e-01	2.783793904960020771e-01	3.322841495413044188e-01	3.728003337299971073e-03
9.120386909158426647e-01	1.644117690375907215e-01	-3.743466909355642191e-01	3.191788620881789995e-02
9.255052956735764225e-01	-3.460457957077205937e-01	1.522678092829815311e-01	-2.251153502846838655e-02
9.770191107397697694e-01	1.862035333054334052e-01	-3.564508590308355235e-02	9.742345346375123893e-02
9.516909213336260942e-01	1.497922858323860462e-01	3.617859389121314689e-02	-2.655894777665661066e-01
9.233950822190167829e-01	-8.563466007500057653e-02	3.725229233847111576e-01	3.514112520228941661e-02
9.320737805681702515e-01	-2.838940974763537461e-01	1.575676572278370546e-01	1.606706021373410509e-01
9.145025110870099727e-01	-2.557218208998529030e-01	-2.146577028530687326e-01	2.285029061895283431e-01
9.261276226856840488e-01	-9.850008211333151353e-02	-1.221506835505149768e-01	3.430226972524880735e-01
9.705544401122744302e-01	1.409482594632268104e-01	1.062549102592133810e-01	1.639132727342201556e-01
9.203106739407519443e-01	-1.505831350381862388e-01	-2.768158298392453531e-01	-2.317886520587240928e-01
8.948833766594663786e-01	-2.361457206356800953e-01	3.380420047676816475e-01	1.707235889285764197e-01
8.947332253409203684e-01	1.352088318513754717e-01	-3.693522930158907869e-01	2.115417474266576836e-01
9.180595040049114308e-01	-2.997592813694647806e-01	2.371603299044427460e-01	-1.051955239481886240e-01
9.572470643404598079e-01	1.680738033496153028e-01	1.687343613477082782e-01	-1.641888234312779138e-01
9.122820440257779495e-01	3.449132636632046833e-01	-2.151429151799394701e-01	-4.989828399076079446e-02
8.972802731231738216e-01	-1.484148178039862986e-01	-2.472510856358047793e-01	3.342574665914407328e-01
9.028622346933142806e-01	3.279393994947322200e-01	-9.807998873686434027e-02	-2.601458268606391400e-01
8.620982855122830690e-01	-3.347376714235302253e-01	1.439622889057508015e-01	3.521535131441284605e-01
9.719238050094258785e-01	5.778274654186177361e-03	2.296381417219484078e-01	5.096128593854881705e-02
9.900057843062521901e-01	-1.135759985336472211e-01	-8.000131614659689028e-02	2.426579922565414923e-02
8.721484420648949465e-01	-1.042087382738466489e-01	-3.327347258063575453e-01	-3.431985374585935777e-01
8.618918435920754906e-01	-3.535373775024245879e-01	-3.389393570671412892e-01	1.314301521306059650e-01
9.002994915790567543e-01	2.292182795065824119e-01	-1.787615245274012943e-01	3.239816710111445563e-01
9.548113304397914947e-01	-9.096317407816276179e-02	-7.130806248207394171e-02	2.738177942546352606e-01
9.681753481273150941e-01	4.262975284617724625e-02	-1.334017849876723005e-01	2.074202574796611132e-01
9.238719181882329989e-01	-2.198019184413807850e-02	3.210799830011709100e-01	-2.070874077911490641e-01
8.725299000896228341e-01	3.560005979973241419e-01	2.524255329331618336e-01	2.196280901855443002e-01
8.918214952188330269e-01	-3.505039615858423496e-01	2.769228429755406506e-01	-7.152015531736052867e-02
9.279759296762931653e-01	-1.396949573178069559e-01	2.104567670683981373e-01	2.739597452848017700e-01
9.145060920127979776e-01	2.102982256399357763e-01	1.221322178135612196e-01	3.233217984239778464e-01
9.522795799915516612e-01	4.482708054073070852e-03	-2.914086043315048946e-01	9.068920653076849303e-02
8.843823838026581008e-01	2.642969314551373364e-02	-3.581113578862124003e-01	2.982038327933679844e-01
9.222062935981709675e-01	-8.409157515287550566e-02	-3.404446390782080445e-01	-1.629773197691661013e-01
9.283593733412810467e-01	-3.714656461390808961e-01	1.267127084387691636e-02	-1.259588448741240634e-03
9.361251274163892022e-01	-2.131054708804356601e-01	-1.912669441271013741e-03	-2.797358500372903456e-01
9.362573794079608325e-01	2.289859596920445772e-01	-5.577981195264191533e-02	2.605305401418016031e-01
9.379004509257633515e-01	1.973595775709601208e-01	2.110944984268986468e-01	-1.919141840202489846e-01
9.751523963884820567e-01	9.973861360372379692e-02	3.679247501727628267e-02	-1.943613298892322150e-01
9.839914796739400726e-01	1.394531088666359775e-01	-3.467718509205287153e-02	1.054091608476777631e-01
8.779783929536092435e-01	3.446439674766945682e-01	-3.285073712706793048e-01	4.957201034201652590e-02
9.562758226024292707e-01	-2.092043768506577084e-01	2.000382327798422011e-01	-4.189015682583325378e-02
9.647817784011403219e-01	-1.651325423917115731e-01	-5.762957116993937950e-03	2.046806093249925740e-01
9.586109345110723767e-01	1.551757924953011403e-01	2.217974257036104124e-01	8.826919967075261275e-02
9.249538807853209255e-01	-3.262788587870430468e-01	-9.407018025951380258e-02	-1.707431577391659572e-01
9.448659066897270309e-01	-1.365296246853193451e-01	2.843976869974389476e-01	-8.778402809846787280e-02
9.942324607677849313e-01	4.689859134400265611e-02	8.932725780018510586e-03	-9.603406945309732323e-02
9.099209788274712496e-01	2.748709882794187487e-01	1.347226335535144370e-01	-2.798920579444114098e-01
9.671691785582339218e-01	-1.881416203196179526e-01	-1.353586190767794017e-01	1.042331760627448201e-01
9.213423251656427393e-01	3.156359123243751563e-02	-3.513777261852758516e-01	1.632965189700746333e-01
9.429265784662198557e-01	2.394707557403183973e-01	-1.894365549104465307e-01	-1.328797066177144770e-01
9.327082759967064707e-01	-3.270214109124075508e-01	4.715480770316360370e-03	-1.519540487555850194e-01
9.976552341661505396e-01	-2.331537629233057518e-02	7.479653400640868741e-04	-6.434180225234924222e-02
9.031250727946877888e-01	1.560544782219811244e-01	-2.116193986633121693e-01	3.394544635526733356e-01
9.379911616073050018e-01	7.960428594210344766e-02	2.390660763686600077e-01	2.380822327178583053e-01
9.240759508653155763e-01	2.897261641383538366e-01	2.489862049491805285e-01	-1.217606632058282692e-02
9.293453550112691364e-01	1.758134726388394797e-01	-1.208918276859286380e-03	3.246619356719386285e-01
8.681129232235132998e-01	-2.699778214932890275e-01	-2.362634107646692794e-01	-3.430328397805515461e-01
9.626110805261915981e-01	-2.017965556036844799e-01	1.468194085778880553e-01	-1.053665936600690078e-01
9.312564010108077550e-01	-2.428997795713623009e-01	1.005239677195999687e-01	-2.523016935624690649e-01
8.915214230057831868e-01	3.437770692493674618e-01	2.485017501057704969e-01	-1.589143139381355707e-01
8.727569149247259572e-01	-3.465941264803106825e-01	-1.055999232991434583e-01	-3.271338183979763392e-01
9.533739784695425268e-01	2.185646308854393705e-01	-1.930476518601049740e-01	-7.771848824036370340e-02
9.132557216340317918e-01	-3.243118936541958819e-01	-2.177796801885271971e-02	-2.455840032373914072e-01
9.057459371596080500e-01	2.032186897379022195e-01	-1.666142747953359982e-01	-3.325148792076798587e-01
9.202914070626827536e-01	3.280996392167539466e-01	-2.094969773411380076e-01	3.905597671739981930e-02
9.730981758624855926e-01	1.895747820164446762e-01	1.305339613978578339e-01	1.011074073958000315e-02
9.371801598271990441e-01	1.662079184796128317e-01	-3.063946454032120403e-01	-1.380569191239765237e-02
9.659425773841611162e-01	1.443702945626967882e-01	-9.713737465355627709e-02	-1.915110589228171678e-01
9.126945904604949478e-01	3.800143963755605037e-01	1.440139945997687965e-01	4.286738213240476325e-02
9.862810864039861514e-01	-1.623564503644641110e-01	2.440237671899053024e-02	1.716174924908965213e-02
9.200333698219854694e-01	-2.275616553386712593e-01	1.797247681429702676e-02	-3.184827805560058733e-01
9.662611082548751007e-01	-2.365716256418620989e-01	-8.871841392738685772e-02	5.002379079434234738e-02
9.842619645548426055e-01	-1.150346946591672415e-01	-1.341108229295150944e-01	3.113089860932459745e-03
8.829109616511825465e-01	3.346098003682668742e-01	1.547543555157640249e-01	2.907844644106576948e-01
9.272901287085494326e-01	3.093528201563892077e-01	1.098608350646055887e-01	1.799012139477607908e-01
9.540193055142504042e-01	-1.176257261815784501e-02	-2.963776660393347973e-01	4.323292338700401860e-02
9.277888248809269545e-01	-2.703568292332403922e-01	-1.184252148085639805e-01	-2.282335422556521221e-01
9.539237443098521618e-01	-2.140088203118445942e-01	-2.098036543857217939e-01	-1.456507730844924277e-02
9.625536283877845767e-01	1.020396893035701857e-01	1.000000415442332813e-01	-2.303875126292506126e-01
9.561707705808311086e-01	-7.506560427312147787e-02	2.698181507175703153e-01	8.544459073177870789e-02
9.589185458898291659e-01	-9.279919533536205856e-02	-5.316878815032084760e-02	2.627481905937150697e-01
9.609869903678865954e-01	1.251725250524655386e-01	1.372189506686951888e-01	-2.049556120067061726e-01
9.089812024804433399e-01	2.657632866721105214e-01	1.007688968744143293e-01	-3.049076555568234204e-01
9.719908924331286393e-01	-1.560294701916696836e-01	1.205304265298917932e-01	1.279098344118989872e-01
9.384053158647644999e-01	-2.486842935213051387e-01	-2.017662975435204620e-01	1.297765251813301213e-01
8.964543260960872173e-01	2.282779975394813865e-01	1.536403453507000638e-01	3.473520423770273258e-01
9.512108101425819084e-01	2.388364948907962804e-01	1.876100234569512970e-01	5.438384387530680042e-02
9.074688524416536506e-01	-3.473854954386203508e-01	-1.462125277153240588e-01	1.855949787741794921e-01
9.648412051668254774e-01	-2.502621819819241811e-01	5.406749958133779538e-02	-5.938850537684978170e-02
9.514097581788136804e-01	-2.306648163815121777e-01	2.508287190045836029e-02	-2.024452124972080935e-01
8.855021810469644317e-01	-4.488720382712020618e-02	2.892528424475596105e-01	-3.608376635409044075e-01
9.417996704489388637e-01	-3.143069913124365011e-01	1.125932292337441382e-01	3.933523465179462886e-02
9.055046831923955208e-01	-2.858928017693572188e-01	-4.367717055906335938e-02	-3.105138956392466398e-01
9.657767166625615962e-01	1.622669788099103394e-01	1.487020575873772843e-01	1.372314075190758653e-01
8.968641460032295010e-01	2.077025426320759927e-01	1.371584042986111196e-01	-3.656253950812596298e-01
8.908006641380760149e-01	2.769365479022513066e-01	-3.087198519122373308e-01	-1.856673860494432171e-01
9.531883742965487905e-01	1.309402896533422844e-01	2.641529383117003360e-01	-6.715496134088932978e-02
9.285717409813504242e-01	-5.201397641975537278e-02	-3.615327648035749908e-01	6.590241331963452021e-02
9.104088426347346497e-01	-1.987035620417168247e-01	1.896682498904507519e-01	3.093518848623846851e-01
8.585876068834156216e-01	-3.470609704353855296e-01	1.326215134279780106e-01	-3.532527965674588932e-01
9.250052578410856707e-01	5.694359239348013163e-02	2.958062486869206809e-01	2.315628715693504869e-01
9.554103606214809918e-01	-6.890612262460848146e-03	2.419579909510541638e-01	1.691150285891517835e-01
9.392405176017709634e-01	1.380382144859294280e-01	-2.573406051541765049e-01	1.804120682647814000e-01
8.990532425395313387e-01	3.280801715748520864e-01	-2.778867553910305266e-01	8.273825763705530689e-02
9.019782939076389505e-01	-1.588873378216040244e-01	3.548839356033337555e-01	-1.877428119798923989e-01
9.414216478383288234e-01	-4.732245743429903256e-02	2.696937980783850053e-01	1.968530448883120121e-01
9.841521821763258293e-01	1.242738571061425545e-01	-1.088289340593583260e-01	-6.447289251338010618e-02
9.052080556874374517e-01	-2.485369322812472637e-01	1.402585204148416309e-01	-3.148893721004811241e-01
9.120422642892788145e-01	-3.528236757845107374e-01	1.787528494539580015e-01	1.083594978212907706e-01
9.233951189230005241e-01	1.241975055110990794e-01	-3.577760284100459098e-01	6.255195815585831709e-02
8.761888050912465253e-01	-3.258902504820520574e-01	-2.618005438141717267e-01	2.398941385947619964e-01
9.028859137464533280e-01	-3.437107811843629346e-01	-5.276370856293999961e-02	-2.527368527036611967e-01
9.575038781088660578e-01	-1.135320838458931114e-01	1.082945456103468346e-01	-2.420104971589855658e-01
9.169976139325948239e-01	-8.827032484704044890e-02	-3.034922207469205047e-01	2.433437850848634565e-01
9.482423533420629713e-01	2.234350540188365652e-01	1.795057518242260397e-01	-1.367146701196518266e-01
9.390677438110470732e-01	1.474769070052387721e-01	6.140023174491634345e-02	3.043556241889879832e-01
9.820466175332248637e-01	-4.578554994690783170e-02	-6.353529117096191892e-02	-1.716140762974655010e-01
9.028214457962394635e-01	3.394077615722602692e-01	2.245544065196720118e-01	1.388925012644437185e-01
9.917733935253439936e-01	-9.835239012118555946e-02	6.764936732559707899e-02	4.621586689784887986e-02
9.256111462094013254e-01	4.648797033969357534e-02	3.191664528844087578e-01	1.980294169556600370e-01
8.725735164237329311e-01	2.824151574250245988e-01	-3.289459294801637679e-01	2.250593538845946373e-01
8.863219423800730024e-01	1.971390853529577936e-01	-2.213144623348410056e-01	3.557941880402966661e-01
9.609427735342561672e-01	1.291480886758252511e-01	-1.848576969869689668e-01	1.604287662744633969e-01
9.618776049523696248e-01	1.706357303418132021e-01	-9.427566777322785030e-02	1.917994241068550210e-01
9.482948016220396070e-01	-1.382840874298933882e-02	-2.998827108289999765e-01	-1.030344800253959886e-01
9.055310403779812667e-01	2.688388505393201622e-01	-3.280712191868441763e-01	-1.041549297564153646e-02
9.064012567598320746e-01	1.575373185601356973e-01	2.558885915666082589e-01	2.968834513931971064e-01
9.318053564397904553e-01	2.742610509662080087e-01	1.921007613303222228e-01	1.400605266637846291e-01
9.336040008482672237e-01	-5.790536185119034285e-02	3.399054117465636904e-01	9.744151956117198810e-02
9.218446182133215316e-01	3.114256522213663114e-01	2.301898665199039185e-01	-1.513896829975168272e-02
8.827642207865074031e-01	3.216839337451097292e-01	-3.343580713653815373e-01	7.383398527971206382e-02
9.398745773462462427e-01	3.233149586941008180e-01	4.960455538400482083e-03	1.099027307381323232e-01
8.912729585151704104e-01	-1.487505132168132072e-01	3.558341921199291713e-01	-2.385116893481475653e-01
9.695705145612741882e-01	1.757412641033460898e-01	-1.422155359912495032e-01	-9.392958377138464765e-02
9.678348124793242357e-01	-8.479668851704344479e-02	-2.035729724076360547e-01	-1.210922882547633694e-01
9.814161664150200526e-01	-4.964045603954795466e-02	-1.585292437689990452e-01	-9.605525645929352541e-02
9.328195417814240109e-01	-1.469327879965497408e-01	-1.391457411998786031e-01	-2.981558669357211588e-01
8.992070621692139776e-01	3.047122555717614034e-01	-3.124639704421772191e-01	-3.071429349490411437e-02
9.521396399071985206e-01	-9.169307823595104767e-02	3.570539357984545831e-02	-2.893917939235914893e-01
9.482017751868235811e-01	2.725289300677246063e-01	-1.038451340398131861e-01	1.259268198000366434e-01
9.074672056498136463e-01	2.956941976051609688e-01	2.640106343699785141e-01	-1.391639217337607148e-01
8.938850202286520163e-01	-3.312996908235588123e-01	2.373357991324564487e-01	1.867667098848053153e-01
8.677024927866796578e-01	-2.427981524277676717e-01	3.263491616192314981e-01	-2.857230580472449599e-01
9.491707172517774849e-01	-2.088191806015303187e-01	-1.570322382203951511e-02	-2.349955490775233746e-01
9.476779473868791603e-01	-1.693470385009130108e-01	2.601776711722683100e-01	-7.440206993717909945e-02
9.501649127917702886e-01	-2.119879457116004284e-01	-2.072926545878805149e-01	-9.631980443446139240e-02
9.361591037823295824e-01	-2.382906788403830745e-01	-1.176568707129625468e-01	2.301750324368135314e-01
9.131674656728221429e-01	-6.675477781563836366e-02	-3.582949461045950579e-01	1.824656429889343623e-01
9.827367129289827918e-01	2.809402564687555302e-03	9.521458870835779187e-02	1.586027818667311851e-01
9.080212579990194488e-01	-7.699183756505076359e-02	3.752240667823446563e-01	-1.696365281345784959e-01
9.434702203536002862e-01	-3.552774558419745377e-02	-4.623439263923093817e-02	-3.262883748111706228e-01
9.018478287593364451e-01	-3.123634065936094495e-01	8.943019301726938541e-02	2.847838418172632946e-01
9.802841397684601832e-01	-8.107788121295166073e-02	2.214306682904424936e-02	-1.788269193601257911e-01
8.739170607528957690e-01	2.629107442628698110e-01	2.071785958461468957e-01	-3.524541685090166188e-01
9.623236602343463453e-01	-1.338764728171955853e-01	-8.244896824940205204e-02	-2.218387491260402078e-01
9.388052331149985275e-01	-2.604324871289590559e-01	-1.846645370515451745e-01	-1.293006677448198805e-01
9.118400501271948233e-01	3.430785617305402435e-01	1.466931808386622571e-01	-1.712481654219230043e-01
9.844461893208784620e-01	4.892684378219729069e-02	-1.663178102461979058e-01	-2.846489564398957048e-02
9.456219351870727152e-01	2.228115277807558858e-01	-1.789176682594907919e-01	1.553790422342987421e-01
9.695334852887663724e-01	-9.162148086085268595e-02	1.820914998993884149e-01	1.358418595760262082e-01
9.580146661034516509e-01	1.903065874352202758e-02	1.811143309313735517e-01	-2.214572931509833087e-01
9.056715085505651075e-01	-1.794379987751263394e-01	-2.967092691019944661e-01	2.439769104326917903e-01
9.426498991044394149e-01	7.769669107751243919e-02	2.959039801479386167e-01	1.334736919643869368e-01
9.586220177204577420e-01	-1.418254443783918406e-01	1.328927463756541805e-01	2.080117506997285759e-01
9.628947545531580943e-01	-2.696513608213557123e-01	1.134389698818444488e-03	1.097945450446395459e-02
9.587990093059129970e-01	-6.911037614793427708e-02	-1.848398996241960857e-01	-2.043585749842855015e-01
9.298478935395145806e-01	-2.517542172656903054e-01	3.760148410597527469e-02	2.656855987103838856e-01
9.047430160109144470e-01	-1.351433175758141314e-01	1.861252542872923188e-01	3.585160364761493246e-01
9.884654636474945466e-01	-7.624457636724303600e-02	-2.188959505120880583e-02	1.290102219950704232e-01
8.971912412573708195e-01	7.530527560933061686e-03	3.687249120284733506e-01	2.429672961847061941e-01
9.898859811812711351e-01	1.247245664890297562e-01	-6.700671258444887424e-02	8.923409860632561946e-03
8.992010274486188504e-01	-2.371716434488422565e-01	-2.304483158725632308e-01	2.864972905467392250e-01
9.880817131583649049e-01	1.073690187935215541e-02	-1.198538122123817135e-01	-9.599120146254598585e-02
9.064708938435938057e-01	3.223616181172468398e-01	-2.456822999173541300e-01	1.184639746359446161e-01
9.388024745231263735e-01	2.609736193776928670e-01	1.043982994705742150e-02	-2.245744726562622084e-01
9.159847381684804724e-01	2.727423701320413341e-01	1.974992848970064108e-02	-2.935872941764146038e-01
9.289234033478585006e-01	1.864648962105135144e-01	-2.601670799458892236e-01	1.861323284823558077e-01
9.863706300454196940e-01	-4.876076886135112531e-02	1.689194288096173766e-02	1.562370950496647370e-01
9.388024083339685522e-01	5.447052573379455864e-02	-3.325168915168565942e-01	7.152284102712676284e-02
8.919335399826361366e-01	-3.576352763994106176e-01	1.092370914244140089e-02	2.764638166330845581e-01
8.822312296412293531e-01	-1.295911251469634984e-01	-3.493420776636800840e-01	2.878095038432396668e-01
9.455081409853155483e-01	-3.169458490161277675e-01	-5.908246015261420930e-02	-4.548567933155882315e-02
9.150023520087232631e-01	-2.475852633921593049e-01	1.775815306508814473e-01	-2.644561081564001381e-01
9.336190084144500023e-01	-3.010836496001170759e-01	-1.810470339648859450e-01	7.018656967832644089e-02
9.355854572184763018e-01	-2.645133869149570160e-01	-1.234539480278867424e-01	1.986747168121822393e-01
9.539321872486961063e-01	1.142509407440878977e-01	-2.636996156912911893e-01	8.615461307599801832e-02
9.990932094089609583e-01	-1.267195193253566401e-02	-2.925631298850541601e-02	2.821787903865504224e-02
9.407523313799019959e-01	6.062987959118265602e-02	-1.761737504134501531e-01	2.833229224212136521e-01
9.168841109467998907e-01	9.890941644475416059e-03	3.432083405139103038e-01	-2.035527729321556789e-01
9.465521103362655175e-01	-4.540117811268608804e-04	-2.507565105742949885e-01	2.028794437489129243e-01
9.157544770001347922e-01	2.554760148152953048e-01	-1.528887420330906077e-01	2.697235181956583183e-01
9.712279892679388515e-01	2.157029168750441983e-01	-5.304714497928618433e-02	-8.587458834661677864e-02
8.910261066283066134e-01	-3.399842182188905076e-02	-2.745156124954249433e-01	-3.599413328817408497e-01
9.045557581422304372e-01	-1.737931988209322487e-01	2.017423972714518510e-01	3.329786924091244216e-01
8.899301765665093011e-01	2.435036527306214116e-01	-3.104468285381429826e-01	2.288078202198414179e-01
9.453926198007939208e-01	-1.492269024981514869e-01	-2.456934799363790639e-02	-2.887221382855260643e-01
9.647693055239274784e-01	2.517203973017808627e-01	-7.487121907336917459e-02	1.585336732621378530e-02
9.124749125590805310e-01	-2.277241770579166991e-01	-7.962975878617659098e-02	-3.304396081725800571e-01
8.804469179547722568e-01	-3.013204264461846194e-01	2.310567312961636643e-01	2.839577648048463021e-01
9.525215217070052143e-01	-2.094074000918132450e-01	-3.743058193372957032e-02	2.178307668991244783e-01
9.322562403124076136e-01	-3.027284853346204688e-02	-2.491301648241482092e-01	2.606070183531851159e-01
9.299995452033553711e-01	4.016604151477724469e-03	3.027247836842221207e-01	-2.084284485284661759e-01
9.771922088985809385e-01	-7.602838033144061758e-02	1.945918214396109569e-01	3.806698413198050801e-02
9.182167123023393662e-01	2.285081281755976246e-01	2.925651756638337764e-01	1.380859246815463459e-01
9.739281660802447949e-01	1.283914187526294208e-02	6.293836135130380371e-02	2.175726233281446431e-01
9.247007510563555188e-01	-6.225678979756194692e-02	-8.149907700911633579e-02	3.666203943680388377e-01
9.781228788400400109e-01	2.059083581102164329e-01	-1.051658212341016535e-03	2.960195880396710930e-02
9.405864183171300796e-01	2.809389446373987131e-01	-1.886553230261467096e-01	2.792253851779588278e-02
9.033339086904140780e-01	-1.846146603981083933e-01	3.781527911709595680e-01	-8.310080087341120691e-02
9.333696429667859285e-01	8.601373318055721695e-02	1.522703819713114581e-01	-3.134269900099693196e-01
9.587014539869082030e-01	9.497771862112736052e-02	-2.503535146172039538e-01	-9.588468494878407689e-02
9.742848028435756591e-01	1.389879140562119697e-01	1.646306589182041646e-01	-6.594110128376654001e-02
9.623069515847194610e-01	-1.326756460990874131e-01	-1.921370202879512934e-01	1.394484467420896712e-01
9.725414148575949325e-01	1.282600408481957832e-01	-7.009171630452225819e-03	1.940706825397938151e-01
9.614900835773736443e-01	-1.021609203395106198e-02	-1.558863231772136260e-01	-2.261236495641671396e-01
9.568950812064667133e-01	2.686122267618446316e-02	-3.917957710813293332e-02	2.865226675445380344e-01
9.238317851679463955e-01	1.307234105308576477e-01	-3.462155450357480846e-01	9.788267991930953149e-02
9.378233518384156975e-01	-1.531347978958493006e-01	-1.173453605296704561e-01	-2.885604976120573206e-01
9.542542400064825125e-01	-4.537257479324652287e-02	-2.581126125751877498e-01	-1.439376744146323994e-01
9.459425222189388194e-01	-2.549134336138738632e-01	1.512804100590203482e-01	-1.316287337690072723e-01
9.186094447506042426e-01	-2.243975267261405157e-02	1.510771043272136072e-01	3.644569303265925431e-01
9.194084546666497770e-01	8.229387330204319950e-03	-2.455850512559154541e-01	-3.070966513514627461e-01
9.176532606121770019e-01	3.129109024154239638e-01	8.041020154128596109e-02	2.313729887551587150e-01
9.505186525579000234e-01	-1.317211180857230657e-01	-1.597731810783550310e-01	2.315952693771276549e-01
9.777907036801265495e-01	9.399523253183296456e-02	-3.724651895163309107e-02	-1.835835855516370629e-01
9.310501272700475450e-01	1.327399376156208344e-01	-1.999906216089480937e-01	-2.748263465184805354e-01
9.728063503830595149e-01	1.538477337027306935e-01	-1.076123505238797962e-01	1.356401913285708305e-01
9.591864425155750551e-01	1.060100437577358584e-01	2.619961195767414597e-01	9.015123045642300589e-03
9.467541125843643712e-01	2.921825503924297407e-01	7.315667713614594503e-02	-1.137282205134930724e-01
9.786488034452373030e-01	9.280895598331924401e-02	-1.053166770345517200e-01	1.501379856761492493e-01
9.461534835193643467e-01	1.438635924547541911e-01	2.279708955659627279e-01	-1.792376164900582325e-01
9.246351387520842513e-01	3.450125684851087504e-01	-9.056878948534308194e-02	-1.334671575458985515e-01
9.814026759559638657e-01	-1.476170003872280707e-02	1.855167802370644992e-01	-4.705745518951044704e-02
9.981670081118119153e-01	8.594209460165385187e-03	-5.859968102170797638e-02	1.244350694229337702e-02
8.852591495442156955e-01	2.886499587354576235e-01	3.497949998839181562e-01	-1.031547261470856236e-01
9.349152058561253087e-01	3.390523280209057355e-01	-1.738544391014288856e-02	1.033190353354608293e-01
9.676006549317888172e-01	4.339862058857416049e-02	-1.499715144435329051e-01	1.984290229832710306e-01
9.029614588936196728e-01	-1.502414117670218541e-01	3.637416040296506115e-01	1.725693119905595263e-01
9.129669615905210422e-01	3.620526248315947271e-01	-1.719514604610916653e-01	-7.643244822732106480e-02
9.423862589480084262e-01	-3.086130260560520089e-01	-4.957933899156578145e-02	1.191974338635825165e-01
9.661124638347056148e-01	-8.218121563638233762e-02	-2.485284537420275747e-02	-2.434240971978062495e-01
9.541446863877792728e-01	2.027729681212334933e-01	2.133119708656646407e-01	5.467214942433951813e-02
9.044766441048348593e-01	3.686989524950966546e-01	-5.920988704164101279e-02	-2.061001503502373489e-01
9.345121778221644471e-01	2.414675934581373140e-01	1.298441717998365386e-01	2.269821179327250193e-01
8.925440988055058922e-01	-3.107695549614146180e-01	-3.085953357776010653e-01	1.074999261993295208e-01
9.380503939680303604e-01	2.307946315124622672e-01	-2.560665136983882872e-01	3.500338560486613432e-02
9.353958434474797246e-01	-7.599931180029344258e-02	3.167321969771208501e-01	1.376206236910225422e-01
9.462745055211729817e-01	3.156668725911704887e-01	-6.541713950822276857e-02	-2.528999026751501192e-02
8.841348234314410082e-01	-3.116139935604328448e-01	2.345124277214439557e-01	-2.573057602491005125e-01
8.961208618488277766e-01	-2.691721370645282496e-01	2.290271997875771293e-01	-2.684405024300361431e-01
9.686084186946667396e-01	8.561839716885419338e-02	-2.253167503646367476e-01	-6.082419999616429235e-02
8.777994085234890331e-01	2.827471723223466959e-01	-2.399299640657830968e-01	3.032422254286530339e-01
9.503221724726802488e-01	-9.284990652508905151e-02	-7.077217562355853087e-02	2.885445589897611685e-01
9.484773361483831433e-01	-1.284477575555913742e-01	-2.796054202045804016e-01	7.558257328264876562e-02
9.051989563301487962e-01	2.935776675455865625e-01	-2.756355055140939370e-01	1.358383991266544633e-01
9.318564992770081989e-01	4.145635899787827872e-02	-2.973295439754918834e-01	-2.037645144110337980e-01
9.546980339176283081e-01	-2.157651644983515915e-01	8.729358441249329692e-02	1.854100535117584880e-01
8.867932520181321943e-01	-2.835487331442648196e-01	-2.470209453012602863e-01	2.686605603542503440e-01
9.255386432256677010e-01	9.526359032280837247e-02	-9.777415524973651073e-02	3.531901510801211952e-01
9.373691567247361967e-01	2.617536938508061573e-01	-5.994780998776629011e-02	2.218790838593985293e-01
9.013403841519995741e-01	-3.090748717798177947e-01	-1.571775857789104724e-01	-2.595254169820910284e-01
9.137974444824373821e-01	-3.504666793815456316e-01	1.701670617367284921e-01	1.148499377471677296e-01
9.458396484279508742e-01	-1.700105058886656195e-01	2.391941774492742923e-01	-1.388161835793484955e-01
9.689017099946458655e-01	6.536743129410013675e-02	-1.390187764149411476e-01	1.939854507419433993e-01
8.578081547016994657e-01	-3.477629647570217308e-01	1.856725005445052090e-01	3.297753972209304663e-01
9.610624806684580079e-01	4.762783216184138246e-02	2.694558017378104187e-01	-3.852361308064556483e-02
9.227503459787695927e-01	8.502438144301004141e-02	3.610803129688522350e-01	1.045163199821455835e-01
8.723869536304630357e-01	-3.420729790586499175e-01	1.569635408595640783e-02	-3.488276144483247188e-01
9.502248529182273362e-01	-2.392512546629347869e-01	-1.832889016180790642e-01	-7.897306238447969473e-02
8.991047046241891216e-01	-2.279957470479104520e-01	3.682596968108431401e-01	6.335191516837448966e-02
9.603318354918168875e-01	2.300162885202721233e-02	-2.416951832828390656e-01	1.371755415114019883e-01
9.239820548854295046e-01	3.764178178947587550e-01	-6.627720563265765419e-02	1.319547780771104101e-02
9.662842633562799266e-01	1.804806538743083943e-01	-2.183833350447397445e-02	1.823308617784186736e-01
9.583473715813312088e-01	-1.818056633287804535e-01	1.140811308943405489e-02	2.199701596136957593e-01
9.152320083577784038e-01	4.804640107987680903e-02	-3.515739613542162023e-01	-1.908865210494528897e-01
9.492764108231805942e-01	-2.625386385795661637e-01	1.183051581790205004e-01	-1.262998363248538369e-01
9.273693320056510814e-01	-6.361971397230542502e-02	2.206098348361268113e-01	2.954148859198728605e-01
9.218477762828841682e-01	-9.391960647753500036e-02	-2.839978589026018185e-01	-2.464163164649297855e-01
8.897639311673007922e-01	-2.379891087031441310e-01	1.303804072111056922e-01	-3.669908450463856275e-01
9.810285142408184944e-01	1.600243047054288881e-01	-1.038363366754865430e-01	-3.454404920983158989e-02
9.803458633958017643e-01	1.116812393078274596e-01	-8.116431639526774933e-02	-1.409313402103896107e-01
9.003545776779783294e-01	-2.305273719874758875e-01	3.637668619326400177e-01	6.238938514312383082e-02
8.857948696502829788e-01	-3.497785666345586408e-01	-1.476969489512196254e-01	-2.668482986545212543e-01
8.980266208941802830e-01	-2.047330286812371336e-01	3.582259276367695255e-01	1.526655164114144592e-01
9.663338594053367814e-01	-2.005012441784606581e-02	1.552959385961733552e-01	2.041568909763989415e-01
9.357819543788900019e-01	-1.378948833007577479e-01	2.038398819129240425e-01	-2.524805686781074754e-01
8.887116065139698540e-01	-1.667767861428493537e-01	2.672447869370122020e-01	3.331026987375095283e-01
8.773447088963325369e-01	3.189816989509788869e-01	-2.576632249292318821e-01	-2.492520812852415946e-01
9.059977722155131419e-01	2.944162908033262083e-01	-2.404805619450118004e-01	-1.861617140465510745e-01
9.176487950414935479e-01	-1.200312457347824380e-01	2.555551098721843828e-01	-2.796511663205914489e-01
9.117646889581120240e-01	3.169446974354565016e-01	-2.612027270145532154e-01	-2.084739030410069378e-03
9.875447829079282425e-01	-1.161520446328778017e-02	-1.280272077980804668e-01	9.071616636540622003e-02
8.641441035897475809e-01	-1.525772340125824411e-01	-3.351563093805242644e-01	-3.429947582319115007e-01
8.853445818600835793e-01	-4.567699162774459948e-02	3.521101005015856988e-01	3.001617246279010276e-01
9.644084781896012926e-01	-2.091533810731083798e-01	1.606987749481605110e-01	1.862938839213227477e-02
8.986696519853040188e-01	1.917269787362474165e-01	2.219119800553409350e-01	-3.261727998058714939e-01
9.160927521791546457e-01	1.779975721658194343e-01	5.457862966596458212e-03	-3.592508113278711779e-01
9.538251138448319288e-01	1.577822180521741835e-01	2.551676926362660414e-01	1.455584075599326843e-02
9.849388098850284656e-01	-1.398740739289879853e-01	-9.852186046163911859e-02	2.498453993871075848e-02
9.503521515730909419e-01	3.852951957717689734e-03	-1.890748427932555931e-01	-2.471166659380018560e-01
9.582165304715306586e-01	-1.897099156836458966e-01	-1.223722038306485627e-01	-1.756595353291025563e-01
9.760570529096873615e-01	3.180753050798157400e-02	1.723504496251025142e-01	1.288263675738186842e-01
9.459243605684730660e-01	-5.967442631631637850e-02	-2.813585466820636150e-01	1.500114500159934194e-01
9.453757655524863690e-01	2.708762862936749394e-01	2.842273472313698937e-02	-1.791168545409826673e-01
9.452495035413953639e-01	-2.407859539796378401e-01	-3.643938326985639298e-02	-2.172502514791959383e-01
9.303710046346805873e-01	1.689480056422228149e-01	-2.910128100547986207e-01	1.455263189549584890e-01
9.345968791490354421e-01	-1.074088222347193700e-01	-8.607933356970332017e-02	3.279975102393760666e-01
8.921852312065783330e-01	2.955313107163531350e-01	3.055959693944392264e-01	1.525708395893916325e-01
8.828223027279583635e-01	3.554990902682598763e-01	-1.492559995718891752e-01	2.682681964309984735e-01
9.337395932797130094e-01	3.363088426306913292e-01	4.983472518227186066e-02	-1.119965824311113384e-01
8.729090690323623170e-01	-3.575628569773716126e-01	-3.302133462084997362e-01	3.372990508465262965e-02
9.588513230367756712e-01	3.695650504709509926e-02	-2.236200043007419425e-01	1.709750002832726157e-01
9.063363081822064515e-01	-1.852227117447828031e-01	1.615811759221466859e-01	-3.437129137989637373e-01
9.555388581992888541e-01	-2.045540173104805626e-01	-1.675122777515680172e-01	-1.305480037220963785e-01
9.854998172841107351e-01	-9.446227256170527942e-02	-8.996151523074240319e-02	1.085076724146796651e-01
9.462883069452876494e-01	1.620415695069932771e-01	-1.538504752899454153e-01	-2.336899679990336043e-01
9.182513858671018658e-01	3.183748689680202526e-01	5.445760940539369488e-02	-2.290986772999625276e-01
9.259746855286683509e-01	-3.280947077669231771e-01	1.270730244379374430e-01	-1.370298907378111331e-01
9.654988392572932954e-01	-1.571631490498925643e-01	1.881327830248687716e-01	-8.785096427961601451e-02
9.261779699195913373e-01	-2.474400479480984849e-01	2.794527606761778027e-01	5.360919004732657422e-02
9.185876522578311221e-01	2.449009266290875786e-01	1.555361895834333208e-01	2.683817337031835781e-01
9.511874199816101605e-01	6.205321310279433844e-02	2.867338425420312698e-01	9.578932275274101849e-02
9.174823148296722408e-01	2.421986916289073019e-02	3.104241068027404071e-01	2.475408528470393055e-01
9.560832551105667987e-01	1.822181390360788356e-01	9.327225717154961904e-02	2.097656910591805257e-01
9.070245193435648723e-01	-5.434410620539618930e-02	-2.590181494930401951e-01	3.275100573471189658e-01
9.932444272875737834e-01	2.734225271254647066e-02	-7.546713101967576776e-02	-8.380108003147719586e-02
9.674777354346733027e-01	1.743740807616959709e-01	1.191097361931071630e-01	-1.392601240151623287e-01
9.208118419872387550e-01	-2.070697230070950301e-01	-1.067711954200103730e-01	-3.127740291303218734e-01
9.037649790018470464e-01	-1.978442347579600913e-01	3.061271282995974286e-01	-2.243940792932599404e-01
9.569691647788336475e-01	-1.990775054298063451e-01	-1.302377874281678838e-01	-1.661814767661015935e-01
9.630131706551452453e-01	-2.510365935056880771e-01	-3.099980391331747312e-02	-9.287235338420134212e-02
9.105458833760295967e-01	-2.760617026282671249e-01	-1.150345658008005041e-02	3.075122779592032729e-01
9.219405693658868639e-01	1.428101103488108037e-01	2.414186344086659969e-02	-3.592325561096426090e-01
9.915919198300090498e-01	-3.338482014703701706e-02	9.504863586301508238e-02	-8.121991832159765334e-02
9.219722930717917375e-01	1.877756825522819140e-01	2.810081692390280494e-01	-1.890549990634911859e-01
8.993169207193576487e-01	2.229834292343350621e-01	-8.949735970282850228e-02	3.653733556254090686e-01
9.876234927469583758e-01	2.983697980525180232e-02	-7.879142986618144218e-02	1.322932416642752795e-01
9.472082133657727665e-01	2.535908348789558953e-01	1.787887990244522995e-01	-8.076418972050075640e-02
9.607054968491737235e-01	6.327005286822458274e-02	-1.583277790164685506e-01	-2.190300507363019955e-01
9.027413346623740509e-01	3.327176775325816349e-01	-2.716964313719097968e-01	-2.319652838443507503e-02
9.036834915690926673e-01	2.699631904759650647e-01	-1.382399060064232466e-01	-3.022676814362834641e-01
9.913738802694325170e-01	2.486023868653530755e-02	-1.159714293592981893e-01	5.577118991324090530e-02
8.818477483752682478e-01	-2.472834274632276508e-01	2.710604966486549472e-01	-2.961784299102365181e-01
9.463318314709050494e-01	2.758817065823854775e-01	-9.112139133136709646e-02	-1.415706211046247054e-01
9.158182449786776980e-01	-3.433182267568633539e-01	-1.399982412642176155e-01	1.543049894968518965e-01
9.080250559374721808e-01	2.355424266979297687e-01	2.301151482759922762e-01	-2.589542074362164437e-01
9.363609531067524916e-01	-1.074141899605565997e-01	-8.749104919913855416e-02	3.225456147619518710e-01
9.163071792670942628e-01	-2.650006000155136210e-01	-2.862570085537717857e-01	9.062428079077354537e-02
8.798284801089908402e-01	2.952529354096010139e-01	1.728387724439205408e-01	-3.299307631325031909e-01
9.621113229601446770e-01	1.196734875778740770e-01	-1.876354734714454908e-01	1.575213880651618603e-01
9.455772784853100354e-01	2.259939047211982632e-01	-1.757581985443090467e-01	1.546590478621916731e-01
9.597055364456184012e-01	2.509996974164296901e-01	-1.178370228885617516e-01	-4.559464057594082159e-02
9.170033608385750323e-01	2.539056766943958987e-01	1.108135152013254299e-01	-2.869792821822589879e-01
9.917707271962064031e-01	-3.585457790174974985e-02	9.113092772342050452e-02	-8.246470719322369913e-02
9.381789033695389080e-01	2.215345646738941798e-01	-1.470344621709737676e-01	2.216385545458422479e-01
9.371555022790047929e-01	8.296044590061781368e-03	3.388465262412001522e-01	-8.278751020907530733e-02
9.879129135204273160e-01	1.473704107262319707e-01	-4.313320931579723433e-02	2.120291480155908972e-02
