9.577283768861322155e-01	-1.136851202003899552e-01	1.084701685119449505e-01	-2.409694422433427963e-01
9.644714717556152062e-01	-5.790012571917224626e-02	2.062430523150315109e-01	1.546161666289807279e-01
9.804712542626158323e-01	-1.125357093350137921e-01	1.598156374819672820e-01	2.169782720437061010e-02
9.700218558477460284e-01	-1.567992566046451652e-01	1.057082666064872584e-01	-1.526347099351162695e-01
9.104583691329203310e-01	2.743767330828264517e-01	1.340834812723856739e-01	-2.789347351415671361e-01
9.590232230173650896e-01	-6.870339945046988195e-02	-1.844286093559982520e-01	-2.038145938551676195e-01
9.353582781344186303e-01	-7.505538580461385001e-02	3.168966004789946500e-01	1.380149455384908352e-01
9.078469738154526514e-01	2.950110728125288628e-01	2.638009106128096359e-01	-1.385330957279815312e-01
9.863809005882113734e-01	-1.615725022406424849e-01	2.486523518106565495e-02	1.813189327888796096e-02
8.990553324365456733e-01	3.284543477441848047e-01	-2.773008853356634940e-01	8.319537040852517662e-02
9.314733059161171003e-01	1.676565175740072538e-03	-1.960942007533862108e-01	3.064338981343316948e-01
9.203254595391844317e-01	1.607808490470694351e-01	3.533136208062822581e-01	-4.816692284594349671e-02
9.501274336014270405e-01	-2.121199116390472539e-01	-2.076201614611594692e-01	-9.569154382206791765e-02
9.585530888107928194e-01	1.547815935771764406e-01	2.219297251638237822e-01	8.925150592403299776e-02
9.510838559450479623e-01	-2.557870268877376896e-01	1.039573316609367637e-01	-1.385834370715673391e-01
9.333620953888448479e-01	-3.016303299783340552e-01	-1.813559269626950354e-01	7.045829038521957133e-02
9.254086973998947308e-01	-3.255655020836668023e-01	-9.392413605058484716e-02	-1.697177165082984218e-01
9.341441368847929194e-01	-3.480884000655936616e-01	-7.873496350328321181e-02	3.162718083738563953e-03
8.947291022830081708e-01	-2.359065780018804459e-01	3.379237172972690550e-01	1.720914909903460965e-01
9.552963304886219476e-01	2.517864883783215713e-01	-1.033363546084847123e-01	-1.154733001230865141e-01
9.680039940899169970e-01	4.311054082688099698e-02	-1.334595184266377521e-01	2.080824491323372827e-01
9.253178282767934304e-01	9.523067597868169198e-02	-9.773767099939741076e-02	3.537871997308204008e-01
9.148609369401409230e-01	7.575284463642989463e-02	-3.688148900506658667e-01	1.458305505283838954e-01
9.248215545358168255e-01	5.636246517219049845e-02	2.960761862280349987e-01	2.320932069973843936e-01
9.056802282671365667e-01	1.296774118050071090e-01	-2.054070706066450647e-01	-3.474694638933595869e-01
9.719038379680035034e-01	-1.565993874041372580e-01	1.199551302323528246e-01	1.284146733775119453e-01
9.124389445819718336e-01	3.448791887102275466e-01	-2.148227956851978815e-01	-4.862801721958565776e-02
9.340724677062930414e-01	2.425105011328962390e-01	1.301248745515181660e-01	2.275187880951795583e-01
9.377617555127296667e-01	2.213201796000088262e-01	1.324203687641766214e-01	2.325620646964216831e-01
8.966121250521612573e-01	-2.698159304367820921e-01	2.271426819483859105e-01	-2.677541090800948931e-01
8.907395570689500275e-01	-3.348204758151585025e-02	-2.763864633152545713e-01	-3.592666375527310274e-01
9.248358157250481382e-01	3.446521805271259287e-01	-9.030170572731359424e-02	-1.331885518834852733e-01
9.798703996896569457e-01	-7.188860060980170608e-02	1.379288269327356431e-01	-1.251465845133447330e-01
8.805524283528289864e-01	-3.442018876875463373e-01	-1.135210217431275453e-01	3.053939407661225847e-01
8.976122239488105725e-01	2.069671293352788599e-01	1.361973291785371631e-01	-3.645643843232872494e-01
9.457970038208100005e-01	1.444598989822321877e-01	2.293074863393215201e-01	-1.789341830348908369e-01
9.199592268437770670e-01	3.102240131146991597e-01	9.014074157127821563e-02	2.220601930580779204e-01
9.703797910906440949e-01	1.409002533586365957e-01	1.063819195206670148e-01	1.649032044729520641e-01
9.030069058074156052e-01	-3.435524037417240217e-01	-5.325257216013028899e-02	-2.524171894022490537e-01
9.524393380548998866e-01	3.459160368847371408e-02	1.518757027602228582e-01	2.619093339132688159e-01
9.738977816622015338e-01	1.226533203224674795e-01	1.729894956674851991e-01	8.095621209040132493e-02
9.044923637146603523e-01	-2.597408068028433936e-01	-1.986127121485039837e-01	2.738270765214610436e-01
8.999851452277439767e-01	-2.179896043397128169e-01	3.050986450858345078e-01	2.223107904173797500e-01
9.197125963464582998e-01	8.735753195368161500e-03	-2.459742538680878277e-01	-3.058579624136074648e-01
9.647105878296384773e-01	-1.648249632721487390e-01	-5.303124991399773246e-03	2.052756441399072596e-01
8.945372253640101468e-01	3.551904281953684461e-01	1.889587669088776400e-01	1.947755029892757339e-01
9.328082335724227070e-01	6.018769212012162195e-02	-2.142604662285881867e-01	-2.834408116490249596e-01
9.413916460826197152e-01	-4.750358947155119971e-02	2.696316912121075604e-01	1.970378866291268294e-01
8.871900497374795025e-01	-2.607809293712236576e-01	3.257984322808238353e-01	1.968311561883610283e-01
9.410139595440627502e-01	2.156588864160137453e-01	-1.861279589736783424e-01	1.825934159308670590e-01
9.841403710276788175e-01	-1.157656351227437652e-01	-1.343531605034014864e-01	3.908465284189463484e-03
9.120465349078490380e-01	-3.527781851398650859e-01	1.781015378934369675e-01	1.095377215939851712e-01
9.427739973485688152e-01	2.405757413977406278e-01	-1.886253826774716980e-01	-1.331201246397608340e-01
9.322342287816806072e-01	-2.832298808577941029e-01	1.575648025681293807e-01	1.609146055172473166e-01
9.223883102284208269e-01	8.542975606420669110e-02	3.618425954025991653e-01	1.047449191373000521e-01
9.875714280089895603e-01	1.956409484932180795e-02	1.516628785143057379e-01	3.630829180458425287e-02
8.829066198065249615e-01	3.342692396960322276e-01	1.546770411531236677e-01	2.912301307127540539e-01
8.740750235615925012e-01	2.626894056431084978e-01	2.075021403842387813e-01	-3.520369172183958062e-01
8.950547432355342448e-01	-2.311026598180728475e-01	7.021701654837309015e-02	-3.748841658747797956e-01
9.202079524727279081e-01	-2.577545374564768621e-01	1.064454280267525775e-02	-2.943919433936151853e-01
9.583975064622896056e-01	-2.658237734188689805e-01	8.946614398600390150e-02	5.298820786264533261e-02
9.387506310639921470e-01	5.447203896830793424e-02	-3.326311517896627379e-01	7.166984377458898714e-02
9.404961448005189073e-01	2.119855504104037683e-02	2.703341494083085217e-01	2.047854256123216310e-01
8.917195012438902113e-01	-3.505929709772218628e-01	2.772819365742867914e-01	-7.096215507103544040e-02
9.620997290877437713e-01	-1.331502179264976993e-01	-1.925837025774290168e-01	1.398093282187730380e-01
9.617810315985900749e-01	1.709168595462841056e-01	-9.410113558139353296e-02	1.921188451513279882e-01
8.842550123752391800e-01	2.702291646639681452e-02	-3.577762070406145800e-01	2.989297923435318416e-01
9.335559394473577077e-01	-1.707990528493191773e-01	3.141673642601648386e-01	2.449201302787979914e-02
9.734627714571448820e-01	1.881493483509389109e-01	1.297991557311985455e-01	1.105597004155345515e-02
9.458244566438734902e-01	1.626352203271007879e-01	1.825415466575711909e-01	2.136456553907396250e-01
9.547726077592896266e-01	-1.613434842318585971e-01	5.178949813130825919e-02	-2.443264116950047415e-01
9.389004382755100631e-01	1.481588581494220347e-01	6.188579724333799492e-02	3.044422241698265807e-01
9.616573573162569000e-01	-9.608234139079515485e-03	-1.559125329547400574e-01	-2.254198106286993408e-01
9.265274171797588387e-01	-2.872326614993399030e-01	-3.158583475983739453e-02	-2.409287828897471173e-01
9.481495806420100481e-01	2.722610849232701136e-01	-1.043777730715459706e-01	1.264577196275860904e-01
9.053582817110022996e-01	-2.488269785044050775e-01	1.401968160014918918e-01	-3.142552613540679496e-01
8.993341269036775332e-01	-3.100362326530577417e-01	2.734298152198588183e-01	-1.425194680650093138e-01
9.587961818604433528e-01	9.521664731652396130e-02	-2.498908315633392996e-01	-9.590747637290350514e-02
9.298951877040468883e-01	4.526471328823025893e-03	3.031531401668707271e-01	-2.082609530111932394e-01
9.055273008769403331e-01	-1.787694492492630793e-01	-2.968246412698625769e-01	2.448610293955647832e-01
9.022187524763177757e-01	-1.588180777362223073e-01	3.548152947191648421e-01	-1.867732515581402852e-01
8.604737311207565353e-01	3.274989404196467224e-01	-3.449096376962700328e-01	-1.826656615222475299e-01
9.062146431209314734e-01	1.574986832419271177e-01	2.558607395667085171e-01	2.974970038817852380e-01
9.284945328222415917e-01	-3.711366083667816396e-01	1.245844238684052675e-02	-5.546733302161956352e-04
9.584478635284636727e-01	-1.419645302160063849e-01	1.325796844092834992e-01	2.089171901500854467e-01
9.421388814650665244e-01	-1.732469889891733728e-01	-6.967492791390984819e-02	-2.783975812720541065e-01
9.126433344050264296e-01	2.880176529011477249e-01	1.558232902244929829e-01	2.446366244187541672e-01
8.914779866824860122e-01	3.439587252993243638e-01	2.485592241526320689e-01	-1.586748456424231513e-01
9.403848757284689608e-01	6.015782094527648283e-02	-1.766107146273409312e-01	2.843694385110467904e-01
9.661742469286720425e-01	-1.422909050678334286e-01	1.756543603970982248e-01	1.241215878897643926e-01
9.003254826028346258e-01	1.901322951933282768e-01	3.405709937830766476e-01	1.930676925176701697e-01
9.658167535062134323e-01	-1.942995153451442317e-02	1.571633733177115744e-01	2.052319412700715773e-01
9.111438505203522942e-01	1.647632175263252091e-02	2.396585453149078782e-01	-3.348271138035149308e-01
9.587297664888710935e-01	1.464989408576123087e-01	-1.849536524735437004e-01	-1.586424962375724002e-01
9.701662676763377346e-01	-2.821214958297358147e-02	1.328679368686626686e-02	2.404265975144912471e-01
9.694529645497261816e-01	-9.218097009179652968e-02	1.815225883282272912e-01	1.367960825656333590e-01
9.356007896855643713e-01	1.718137557157997375e-01	-1.237392323128291144e-01	-2.825239778730497808e-01
9.728886538269357898e-01	1.539922588232372769e-01	-1.069452902893632956e-01	1.354132798593015996e-01
9.606050334377189692e-01	1.299757992308917531e-01	-1.849236706899104465e-01	1.617018780564381253e-01
9.336091360988201249e-01	1.234022846242752713e-01	2.273414110197057580e-01	2.479147837017656730e-01
9.137254473717850711e-01	-2.513629490533022537e-01	-1.016647023367635155e-01	3.026330500246715571e-01
9.805237164053813848e-01	6.624558062642567358e-02	-6.218597741787479719e-03	1.847866165504763458e-01
8.970742636324778863e-01	-1.470421658383097019e-01	-2.482218190450032891e-01	3.346973192958322962e-01
9.395939135787216845e-01	3.237925998494806112e-01	5.508726544920870827e-03	1.108660623472712270e-01
9.663319108243108024e-01	-6.242454890343681478e-02	1.879525991702709065e-01	-1.642547846547492973e-01
9.524830967635761203e-01	-9.114402450917363785e-02	3.585548709537718370e-02	-2.884148075621160157e-01
8.780757272222712295e-01	-2.320649546552318032e-01	-2.559320544286098897e-01	3.311006759278750655e-01
9.588066355955738862e-01	-9.231867768134473240e-02	-5.308921336324612383e-02	2.633412856229271348e-01
9.047563842423026470e-01	-1.510458080583161888e-01	2.859043415543846556e-01	2.772359221334039225e-01
9.259021381535670336e-01	-9.775696648262464927e-02	-1.220923889459532979e-01	3.438637151957703586e-01
9.069668708697397053e-01	3.203932459727877324e-01	-2.461648845533378760e-01	1.190046750872230802e-01
9.744867771582648164e-01	1.383629061308457586e-01	1.643924630842487078e-01	-6.485634457644794126e-02
9.823573862026455661e-01	-1.019654180062789656e-01	1.458018697768573846e-01	-5.760932280007700912e-02
9.408025306968452739e-01	1.820315270485204640e-01	2.424205475788154818e-01	-1.516159605924864429e-01
9.623060536296587086e-01	2.230680069682473565e-01	7.941357386591010870e-02	1.337953949161558020e-01
8.904463511978568668e-01	-6.840757360568291978e-02	3.697345053465019848e-01	-2.563632092715009692e-01
9.539172699402607147e-01	1.150267031592279166e-01	-2.631415483657008614e-01	8.698979936601884677e-02
9.801024273562549682e-01	7.667082499077704227e-02	6.185239432455627573e-02	-1.723226560900516513e-01
9.327678996096374631e-01	-3.271387602524150617e-01	3.638374898105188951e-03	-1.513639297403416295e-01
9.242902689354258738e-01	-1.474700346052637001e-01	-2.569458213781080080e-01	2.406635255312483401e-01
9.781373975106103513e-01	2.056720987461435057e-01	-9.459265572909769659e-04	3.074613165058509914e-02
9.214877820495160909e-01	3.119579345563241457e-01	2.309274156847274939e-01	-1.466435426429785367e-02
8.621010101759146727e-01	-3.532079098255289096e-01	-3.387908403481810216e-01	1.313270238241993071e-01
8.814413375015724972e-01	3.020998581578187014e-01	-3.893754774865372525e-02	-3.609441946060167883e-01
9.475722073176324756e-01	-1.694173519295217034e-01	2.605514211848484196e-01	-7.428074920821640947e-02
9.272021852401409747e-01	1.800738984808075704e-01	2.294203714745566836e-01	-2.350229604194186139e-01
8.676610756198563923e-01	-2.428800475305982753e-01	3.270018593647440186e-01	-2.850321461479885521e-01
9.533426459022402710e-01	2.186420518927187362e-01	-1.933073462653290830e-01	-7.723808987872234078e-02
9.129735777311087652e-01	3.621329439446263621e-01	-1.721858489924695812e-01	-7.543878764667136250e-02
8.851648565669116842e-01	-2.893551024142915762e-01	-8.753703203034646219e-03	3.642528985278315479e-01
9.841493158507290673e-01	1.243379545934878427e-01	-1.089263068506334670e-01	-6.422816231164781009e-02
9.152640759868935216e-01	4.756633709150534517e-02	-3.521440718345644760e-01	-1.897990185836808397e-01
8.990466242110375372e-01	2.226300679901952184e-01	-9.047181366265316660e-02	3.660134850712588594e-01
9.840008043770249735e-01	1.394661562180400105e-01	-3.458604241358930603e-02	1.053347707326430793e-01
9.039160355210387188e-01	-3.406321046915056217e-01	-5.329662524569727527e-02	2.531107262025515947e-01
9.661858842048171025e-01	-2.367403671581846114e-01	-8.876739858359561364e-02	5.058838473271121128e-02
9.626024803011230535e-01	1.025700184173813784e-01	1.005863203782916410e-01	-2.296916376203970434e-01
9.028112506286496419e-01	-1.500203790434683215e-01	3.637487686204408099e-01	1.735297234974479963e-01
8.803573781337096227e-01	-3.010506222588222314e-01	2.310804848436103509e-01	2.845017032067795881e-01
8.991717137538470794e-01	-2.137983953482505695e-01	-2.822707975369825872e-01	2.571063441249915593e-01
9.379972481507943272e-01	2.305246597425421873e-01	-2.564018271662075188e-01	3.574418467320933379e-02
9.380188987280335677e-01	-1.383900003319544769e-01	2.774880446583842253e-01	-1.548196967728436846e-01
9.124879078938050725e-01	3.804740996421221988e-01	1.442560569291152783e-01	4.237295704063008539e-02
9.008161166740719095e-01	2.785791669855856578e-01	3.330239776413932984e-01	4.359125803042779128e-03
9.072040324614389917e-01	-3.476652807654795341e-01	-1.468818614407023937e-01	1.858370652364024211e-01
9.451428751552941598e-01	5.558359769624922342e-02	2.022921733646453335e-01	-2.503862731975014522e-01
8.854758243716297494e-01	2.884690139450164503e-01	3.497418700009110593e-01	-1.019745890662889787e-01
8.988624871886452539e-01	-2.899485629521386110e-01	-2.163992338719674668e-01	2.472800670225113462e-01
9.548256429317800720e-01	-9.084254081696835348e-02	-7.132126667908422757e-02	2.738044946620145081e-01
9.181418910245349174e-01	-2.998073459523429296e-01	2.368723171692142249e-01	-1.049882308537023745e-01
8.940095607717216675e-01	3.175477488716146879e-01	-3.017780104081133619e-01	9.402321452409456715e-02
8.738063565055467219e-01	-2.164604258238982948e-01	3.213524932012809532e-01	-2.938365370337028826e-01
9.230072770189196030e-01	1.212933318954387274e-01	2.413443354125983653e-01	-2.740408837602037462e-01
8.817424250071745906e-01	-2.369005512136404187e-02	-3.130574750006003271e-01	3.520853512673627894e-01
9.405863948113267758e-01	-5.353703485865582597e-03	3.002752176934023742e-01	1.584404159108281085e-01
9.199165411498751999e-01	-1.509566126580825229e-01	-2.784704747514863965e-01	-2.311273525685124119e-01
9.697359510375340719e-01	1.751741970986237795e-01	-1.424952803089329645e-01	-9.285085366252897321e-02
9.169087796865796891e-01	-8.735776068146428042e-02	-3.035579120896311767e-01	2.439252044995986746e-01
8.687566292730919404e-01	3.569307205035546771e-01	2.130321354159910863e-01	-2.692205213852978396e-01
9.423260168948111026e-01	-3.087744936848370036e-01	-5.024589289891797511e-02	1.189762168654860675e-01
9.150377186344746949e-01	-9.562730492166654495e-02	-2.322746849621348808e-01	-3.156103020425274908e-01
9.334120238044409934e-01	-5.810641461088286025e-02	3.399532955628204456e-01	9.898179243852629761e-02
9.634313783024665012e-01	2.386998075135527142e-01	1.200337329358420746e-01	2.035397142302729917e-02
9.486776121953753860e-01	-2.022549505837121508e-01	-2.380246509534778288e-01	4.947715252655747464e-02
9.547472984349004710e-01	-2.157308686272632337e-01	8.749641001354833969e-02	1.851004232499933455e-01
9.512124504425407689e-01	2.387511978837010274e-01	1.877317140393476858e-01	5.430969688778761878e-02
9.209159342977930596e-01	-1.316721088526015271e-01	1.114062425446620958e-01	3.495210248737713465e-01
9.854167937434130664e-01	-1.131570578116070230e-01	1.296313810019371175e-02	-1.264166916450022715e-01
9.178254653319375400e-01	-1.205353491654076181e-01	2.552223425617996533e-01	-2.791580209255198897e-01
9.239497183591877105e-01	2.897031182383085213e-01	2.495017666391352584e-01	-1.174264326839416679e-02
8.764560683354752912e-01	-3.522815750945165192e-01	-3.007766875076391955e-01	-1.313614722008669411e-01
9.435105704509079150e-01	-3.534036206095274302e-02	-4.647120154527955432e-02	-3.261583812869769949e-01
9.655546488367607871e-01	1.628489049849090597e-01	1.492964948821322579e-01	1.374591243637365290e-01
9.898305858412321800e-01	1.247559191667986928e-01	-6.773386186956517618e-02	9.137610315882374948e-03
9.606524047375811781e-01	-1.322099945808684618e-01	2.090426914780261214e-01	1.263670358299664731e-01
9.159131436885229460e-01	-2.644017289277467708e-01	-2.893302752675974143e-01	8.650335699960892688e-02
9.116850383668820834e-01	2.970622043451550676e-01	-2.837648081663258770e-01	7.872179742757235907e-03
9.180415704878793770e-01	-2.221707978755921992e-02	1.514318763511053878e-01	3.657519146178795366e-01
9.564169757694370722e-01	2.563729042619871182e-02	-2.434065262135044760e-01	1.592562739621936896e-01
9.844848784668633890e-01	4.807476316247406151e-02	-1.664415128263716237e-01	-2.784895016021453687e-02
8.760334316898265028e-01	-1.228376433589719735e-01	3.438746921658459299e-01	-3.150024381232702786e-01
9.538833385893319416e-01	-1.197883139531963348e-02	-2.967151750548348565e-01	4.385417713572022785e-02
9.814888480219186029e-01	-4.981094852281406360e-02	-1.586712974474215054e-01	-9.498384063732390192e-02
9.784207371653470542e-01	9.315599249846541474e-02	-1.055297385747628186e-01	1.512557318675456508e-01
8.944372820529647994e-01	1.354676419246202690e-01	-3.695623816680894125e-01	2.122595404708521039e-01
8.868282603805288655e-01	-2.834015689393670767e-01	-2.466724687662312232e-01	2.690202231541762301e-01
8.760600741162056782e-01	-3.259140016560657105e-01	-2.618649651335712703e-01	2.402614203313376273e-01
9.212934900562099738e-01	1.886371696236386619e-01	2.826535306916481138e-01	-1.890537093102812594e-01
9.971832944686198630e-01	2.735713662494539122e-02	6.635502763547693195e-02	2.177325460028644785e-02
9.653302501567522231e-01	2.068050761036791807e-01	-2.936044575094294215e-02	1.565475418374862315e-01
9.452993106890081876e-01	-3.174615162240053134e-01	-5.949437096160026250e-02	-4.569265533458383849e-02
9.303401477568384870e-01	1.695671226480256200e-01	-2.905554430357452089e-01	1.459168767173804060e-01
9.252746054602786208e-01	-3.071142493244408134e-02	1.506600488790208088e-02	3.777522049778960223e-01
9.281492444370781358e-01	-2.698146149784622083e-01	-1.183900639036704339e-01	-2.274265735656013643e-01
9.325153184096722780e-01	-1.852450887401965729e-01	2.651383352193310006e-01	-1.606272119725229430e-01
9.257571996101143785e-01	2.218573704050484929e-01	1.349640930697569019e-01	-2.748410597943000688e-01
9.556377222250567183e-01	-2.039798640798288487e-01	-1.680543729872000791e-01	-1.300249461847949872e-01
9.172954636170780329e-01	-3.240533240753918909e-01	7.693126262614921607e-02	-2.182660221243000187e-01
8.788393834051643205e-01	-2.045555906485123018e-02	-3.513635292475832950e-01	3.221282021091255721e-01
8.722165168752992193e-01	2.817057046150505117e-01	-3.291464012185943977e-01	2.270305931853829895e-01
9.136338324860249216e-01	-5.137075917319855467e-02	-1.535801444825456163e-01	3.728906065585290142e-01
8.991986555668876058e-01	1.911092233889717662e-01	2.220488886254989302e-01	-3.249820512313666976e-01
9.055321794354889153e-01	-2.365021477866793564e-01	-3.496159906053716848e-01	4.297516971607915487e-02
9.604131776855184821e-01	2.312311979923716704e-02	-2.412126888681779269e-01	1.374346687984458193e-01
9.981291641619179922e-01	8.725517598720419071e-03	-5.905389241011799878e-02	1.321645880255558486e-02
9.779824084177995980e-01	9.396908405785937834e-02	-3.765876732885116429e-02	-1.824884580183599725e-01
8.679768321023615396e-01	-2.701075634788617785e-01	-2.370831582661462877e-01	-3.427093508377193065e-01
9.621598339658221644e-01	-2.042523730723334041e-01	-1.778876151402482564e-01	2.975598052319690726e-02
8.823308809275177689e-01	3.219198743632468718e-01	-3.350115686056484576e-01	7.501373175629014178e-02
8.913357325320929725e-01	-1.492367319584031182e-01	3.563882920548259725e-01	-2.371421409874192865e-01
8.948283098150273673e-01	-1.252396416854704431e-01	-3.627999751589668365e-01	-2.279769859629022233e-01
8.774714456995043044e-01	2.824827969416934814e-01	-2.401321780898440783e-01	3.042759741745101332e-01
9.517690436893131434e-01	1.498852109804016675e-01	3.671249004669262239e-02	-2.651835290485860530e-01
9.638863848084573416e-01	7.896486591780874087e-02	2.539243805877091087e-01	-1.449124130684586488e-02
9.476391133305140935e-01	2.952779935648728871e-01	3.911063079244250784e-02	1.151580477495046662e-01
9.851267740662208450e-01	-1.387742891070291029e-01	-9.805630687108086996e-02	2.553226162180461528e-02
9.454742599456660290e-01	-6.013810807239841627e-02	-2.820064755485680585e-01	1.514403495979273484e-01
9.290088682657303698e-01	1.864989841465395370e-01	-2.601729834730869828e-01	1.856627864345690715e-01
9.279062992983603264e-01	3.377176550591692306e-01	2.790433770963770752e-02	-1.554285466725598974e-01
9.058771487373497022e-01	2.031008118154059017e-01	-1.669792331940196661e-01	-3.320460620416239572e-01
8.910401662333190531e-01	2.767872457803595143e-01	-3.084019953291087801e-01	-1.852685942334706681e-01
9.977057995954714542e-01	-2.325734673931913882e-02	1.100604779607694626e-03	-6.356903291168643222e-02
9.503957357618916246e-01	-1.319390607562432316e-01	-1.596270532776395967e-01	2.320759219614791369e-01
9.118658792047689143e-01	1.648232863830961514e-01	-3.745326897049281456e-01	3.254484521981384354e-02
9.879399525908967306e-01	1.032232524752625148e-02	-1.213706027400390935e-01	-9.558910223817666807e-02
8.826263874266006004e-01	-1.286615786504768377e-01	-3.484229952537543085e-01	2.881289204086217026e-01
9.056234278226393819e-01	-2.861883242199834143e-01	-4.376818958685992078e-02	-3.098819059564773548e-01
8.726851154443641123e-01	-3.469549926013625885e-01	-1.068173904334503849e-01	-3.265470371812201900e-01
9.179897544272017651e-01	-8.181400888145111405e-02	-2.864531916416622193e-01	-2.618126194738075174e-01
9.185940832183517868e-01	2.271273563119260708e-01	2.924339229885541402e-01	1.381320924930753979e-01
9.552302596730274376e-01	-7.085904558281555174e-03	2.419711074058557010e-01	1.701026870521901713e-01
9.523478361035145889e-01	4.588224824724276840e-03	-2.908760176429289745e-01	9.167164022805295021e-02
9.838055634098895608e-01	1.694640229740878301e-01	5.723476331093495933e-02	-1.152129289311191671e-02
9.463390767935624392e-01	-2.514452550047239776e-01	7.773330503028268168e-02	1.875504432364430707e-01
9.388970527116948794e-01	-2.602147345324558048e-01	-1.850992869641495397e-01	-1.284479283867972776e-01
9.160479775951251291e-01	3.369506101388037439e-02	2.846458682930659845e-01	2.805307029022643395e-01
9.295452089077909097e-01	1.180318132540166681e-01	2.862689856647599451e-01	-2.001605942812163252e-01
9.897127250706891921e-01	1.279051379637808072e-01	2.286310860294832673e-02	-5.988552229568019220e-02
9.382294413063965166e-01	7.774079803440925307e-02	2.382599582813311467e-01	2.385667119835425398e-01
9.991026793777739723e-01	-1.212078697848103549e-02	-2.934517791413737003e-02	2.803182327931803483e-02
8.771682313556964372e-01	-2.889717467077521640e-01	-2.977749037097200957e-01	2.416636717126865452e-01
9.271407626272537561e-01	3.089910327563175629e-01	1.102988026319058207e-01	1.810213304809866475e-01
8.921371092197719621e-01	-3.474532476580269869e-01	1.460109774806768457e-01	2.490951896364434481e-01
8.991703455919415333e-01	2.060791106757196012e-01	-3.717730149283278718e-01	-1.039659325080782709e-01
9.670604965180329415e-01	-1.881759425414464004e-01	-1.356756106483495983e-01	1.047661176055091903e-01
8.971950727866103703e-01	-3.553113524642868559e-01	5.450850921411393851e-02	2.565612336279257111e-01
9.494517928723534839e-01	-2.084308409603864987e-01	-1.512440271552120165e-02	-2.342416060193370508e-01
9.223468402097875218e-01	-2.653830253444225962e-01	-1.979775803849931348e-01	1.991306954715065247e-01
9.814657319065294150e-01	-1.327500981511210709e-01	1.376674391476080117e-01	1.225172365783129894e-02
9.630634083918306887e-01	1.531272844663217059e-01	2.407553294478625289e-02	-2.201846381610320924e-01
9.284007880192205464e-01	-5.185317953804089580e-02	-3.618344364240650979e-01	6.677623225942873331e-02
9.659415253209904240e-01	1.453580435886020483e-01	-9.664440045488212339e-02	-1.910179800054665478e-01
8.986120568987019386e-01	-2.375418751227938718e-01	-2.310415270668008669e-01	2.875587618732417527e-01
9.028463703249216543e-01	1.573482045996900391e-01	-2.109836498300333707e-01	3.399939317175621478e-01
9.143763634864705558e-01	2.106602109354841212e-01	1.224801045098864311e-01	3.233214583431208711e-01
8.964651103803998877e-01	4.585747737134849081e-03	2.924576292188856841e-01	-3.328630527709822151e-01
9.080690282253016665e-01	-7.647743986137492400e-02	3.758140085867294200e-01	-1.683023235733235867e-01
9.724806101083698362e-01	8.865582102672595055e-02	1.521896019819220514e-01	1.525120762756643766e-01
9.539844187157112687e-01	3.702919277876969006e-02	-4.163053751138606762e-02	-2.946344617934438248e-01
9.209786021298377312e-01	3.130350597899662218e-02	-3.521071135267802021e-01	1.638263884001358028e-01
9.364555511374834662e-01	-2.128712468533336677e-01	-2.308873601370444676e-03	-2.788036981634067768e-01
8.752547493935021183e-01	-3.262060163934617507e-01	3.564259606260313240e-01	-2.189276420731513934e-02
8.840822282245116570e-01	-3.426824834656785335e-01	-2.932040940512148919e-01	-1.224691328253112999e-01
9.453522314177094099e-01	-1.780549859137839364e-01	2.708290932908770654e-01	-3.545677328862897187e-02
8.974677454894970374e-01	-2.846491022827258854e-01	-1.661072908076419996e-01	-2.931465543310767807e-01
9.943434394695221945e-01	4.660317814060899871e-02	7.929802869886145439e-03	-9.511249338315154456e-02
8.941768692845387667e-01	-2.137277250841191356e-01	-1.703386298419100053e-01	3.546166058582830849e-01
9.815134486796741609e-01	-1.523687413747194970e-02	1.850500987483561510e-01	-4.642896381220557728e-02
9.433136152112782113e-01	-8.370175067271024005e-02	1.971185060684241264e-01	2.535699801962066902e-01
9.531641385426637969e-01	1.307584159737009422e-01	2.644304505716930098e-01	-6.676000643140762858e-02
9.604929735732383733e-01	-1.249281597009268968e-01	5.436515336629648559e-02	-2.426739226403140937e-01
9.359100526497075023e-01	2.293846955678868760e-01	-5.544793778085005398e-02	2.614967705045334045e-01
9.343027516155752998e-01	3.408710051858991896e-01	-1.652515231014239916e-02	1.030157535925742135e-01
9.562252533949537892e-01	-2.101986249638797266e-01	1.993879002297433978e-01	-4.116148776495549833e-02
8.723982434157641075e-01	-3.426012923062892734e-01	1.509663714606136395e-02	-3.483069780266106474e-01
9.771732662060396146e-01	-7.588260779190712790e-02	1.945125196663682610e-01	3.923158599853966005e-02
9.256521783071605114e-01	-3.456679965503385299e-01	1.522811003659059470e-01	-2.218439603488757406e-02
9.422771195368320196e-01	7.821355968702510542e-02	2.962852873478561411e-01	1.349499817697399906e-01
9.328932845344236613e-01	-1.468394466344715155e-01	-1.390559879109096175e-01	-2.980129675178212478e-01
9.393883199559929231e-01	1.381752395905877506e-01	-2.566680714655077411e-01	1.804956746975332205e-01
9.583434804311183886e-01	-1.815718476931026393e-01	1.151602053939500617e-02	2.201745192146893348e-01
9.540839374246469218e-01	-2.132980801265533799e-01	-2.098331988975879192e-01	-1.406406779755027189e-02
9.685733466505601630e-01	2.209024220704620123e-01	-1.062238358856007203e-01	4.224084245474125227e-02
9.543180899707063292e-01	2.019615976490806986e-01	2.132317804537563477e-01	5.496093188997717288e-02
9.484286120539048293e-01	-2.146934026218299540e-01	1.737603709654218509e-01	-1.555546341004457600e-01
9.213065506869347887e-01	3.649727634888718097e-01	-1.337718816187100923e-01	-9.705939461399585438e-03
9.711257301670087605e-01	2.161116076438052980e-01	-5.304164611061030349e-02	-8.600681965449528954e-02
9.354576341855129762e-01	-1.081360188734627192e-01	-8.728535027468026231e-02	3.249721275642997176e-01
9.590262561568290156e-01	-4.437542546365640106e-02	-2.728635861250254258e-01	-6.200745909748706097e-02
9.151646771499369892e-01	3.687922855050029813e-01	1.574338272848132270e-01	4.099333940414624788e-02
9.352116312917997387e-01	-1.890284033280537068e-01	4.425414427490652336e-02	2.961233495458829856e-01
8.879688718356752997e-01	-1.175180152504207015e-01	2.877552152828150023e-01	3.389656838383801052e-01
9.387200600265348527e-01	2.612448287367756805e-01	1.122902346261074602e-02	-2.245655748198009116e-01
9.179481924850017016e-01	-1.859596452138773670e-01	-2.853487559547095431e-01	2.033868573446838968e-01
9.401440721700184966e-01	2.820845077486870967e-01	-1.893288623000443094e-01	2.668400179746078377e-02
9.482251720147215623e-01	2.235569688151049228e-01	1.801869795098701987e-01	-1.357348785941314417e-01
8.589771552469778193e-01	-3.470577665047839822e-01	1.315966688788989258e-01	-3.526917495668103197e-01
9.785625986236170526e-01	1.470837307808656007e-02	-1.839157455407284536e-01	9.150903167768541235e-02
9.826952125674186522e-01	2.924559917192160515e-03	9.465272519198608681e-02	1.591930518587318377e-01
9.041215417196283299e-01	-1.729410381040782096e-01	2.030236776057278703e-01	3.338218409113634100e-01
9.131325435030386295e-01	-3.244203647417507885e-01	-2.116133682687871415e-02	-2.459523993788231000e-01
8.937250339836378954e-01	-3.313016632170304732e-01	2.370822498457459959e-01	1.878477532169437747e-01
9.870834276813192920e-01	-4.389452342367580751e-03	-1.588001423946133472e-01	2.072569131494092498e-02
9.203798692201693443e-01	3.279626107136796032e-01	-2.091668074972837521e-01	3.988319131571121251e-02
9.647772663639530011e-01	-2.505950485569628516e-01	5.375478025292394074e-02	-5.930743246837883592e-02
9.337127299347832698e-01	8.551972921010210504e-02	1.521458236778773787e-01	-3.125996836385883104e-01
9.238714843643439645e-01	1.326429571456330392e-01	-3.450933572023298646e-01	9.888327013661402098e-02
8.954651684012376878e-01	-2.681843455019695677e-01	-3.509920092593162289e-01	-5.498998494208949539e-02
9.116522216661530065e-01	3.173705284427382201e-01	-2.610814542102463109e-01	-1.627474917664224188e-03
9.378486522892800492e-01	1.973602182931699645e-01	2.121797726722050859e-01	-1.909675200216643942e-01
9.627004808018980730e-01	-2.702884906771724771e-01	4.610040694756744467e-04	1.231679936096791508e-02
8.956738497624104900e-01	2.516945079524304241e-01	-1.806521107365135007e-02	3.661855781802871301e-01
9.914909143685196602e-01	2.375101313227013372e-02	-1.153210797365224610e-01	5.552210972459602906e-02
9.623795538471539013e-01	-1.338908727049747949e-01	-8.268757088341119332e-02	-2.214985195540912499e-01
9.097042406374118428e-01	2.197768282921055139e-01	8.674847170129722229e-02	-3.414835910694121179e-01
8.719269127843127798e-01	-1.038782164472674685e-01	-3.335383176968663710e-01	-3.430815727171837026e-01
9.127050019310734008e-01	-2.277747172910811746e-01	-7.979183177851141562e-02	-3.297294666759358339e-01
9.131222281574553623e-01	1.301772764064742516e-01	2.858231692248755507e-01	-2.599361250122894651e-01
8.894529424272326068e-01	1.541725410139213048e-01	-3.196233427884241363e-01	2.880020999048486519e-01
9.026652905935304005e-01	3.390151684829940670e-01	2.251601564583101123e-01	1.398820668985622240e-01
8.916474021845649522e-01	-3.575817863940188857e-01	1.131638195202620475e-02	2.774384899690287010e-01
9.411725851080378069e-01	3.958384561868519974e-02	-2.038419837607986229e-01	-2.666003185736124936e-01
9.025452943818205176e-01	3.147655468133661039e-01	5.270295972523997459e-03	2.937803024521512540e-01
9.156733041511168070e-01	-1.129980790819147402e-01	3.315692670031675782e-01	-1.970676416049979562e-01
9.003649557929478409e-01	2.294232933639146210e-01	-1.787636556933419052e-01	3.236532932710102228e-01
8.963321781958888401e-01	-2.585875960313198108e-01	2.448738709227532562e-01	2.641171498571478482e-01
8.947339391575814815e-01	1.090905695333315301e-01	2.940852659802573599e-01	3.179060900514049659e-01
8.812547441379917634e-01	2.981524211783228018e-01	-2.168128911710474893e-01	-2.957826565264404794e-01
9.083764303233661241e-01	3.529874374092309419e-01	-2.235499144424381579e-01	-1.666030062818759164e-02
8.942428209081904056e-01	2.606628856706821873e-01	-2.057929977872546556e-01	3.000564602699465899e-01
9.046752511362308180e-01	3.575342811428363632e-01	-7.961953272413402338e-02	-2.176985479925472866e-01
9.047068872625828595e-01	-1.354910084989001673e-01	1.861391215050348380e-01	3.584687743736308385e-01
9.060898433165731625e-01	-1.890543887873298301e-01	-3.714726940601787986e-01	7.257872612873465801e-02
9.153669715525167838e-01	2.553453211303219339e-01	-1.529366786294056590e-01	2.711317884303363623e-01
9.204077813927921126e-01	-2.275530268398306410e-01	1.835230050466057569e-02	-3.173835676178212162e-01
8.778666262765394412e-01	3.443225748872923986e-01	-3.291104545369263334e-01	4.978413007504792903e-02
8.852716645679706842e-01	2.784258727047906334e-01	2.678315252496057397e-01	-2.589196543410712814e-01
9.211354363321632155e-01	3.103043124190849600e-01	-1.321547759778129161e-01	1.943086637634262037e-01
8.884943891933110294e-01	2.870433166402816538e-01	2.777264447105068368e-01	2.259466234592010792e-01
9.313657047762939900e-01	1.317571333000753797e-01	-1.999810971277066196e-01	-2.742362896895705338e-01
9.661484151464763137e-01	1.808142415645626888e-01	-2.151151538870471613e-02	1.827585966871752843e-01
9.519795852380117385e-01	-2.103460901086169621e-01	-3.872349642317044621e-02	2.190659318352479457e-01
9.724380824588981787e-01	3.801125054971299898e-03	2.285602690366866085e-01	4.593398142829710484e-02
8.728317047659531758e-01	3.552325600920607784e-01	2.519818218630993090e-01	2.201812999697150552e-01
9.459639115246341046e-01	-2.551324176864281368e-01	1.505627599045895604e-01	-1.318733592064945392e-01
8.649472764855555829e-01	3.443599390357986456e-01	-1.018273007005071479e-01	-3.505904193207929342e-01
9.313144299547331251e-01	-2.430660923456486877e-01	1.009036166228091808e-01	-2.517752320271880451e-01
9.413853096021943534e-01	2.048568920939164983e-01	-1.119832476973118933e-02	2.677721982378937216e-01
9.280545173798603331e-01	-7.317734633052205839e-02	1.150297879075316138e-01	3.465949172287522972e-01
9.770440907404066566e-01	1.863920276967789558e-01	-3.546181174420066917e-02	9.687784405195053183e-02
9.212259713944707107e-01	-2.688498659173872429e-01	1.338348031160430385e-01	2.472866852448929731e-01
9.217404975103058451e-01	-8.510845392116565822e-02	-3.414545412350629694e-01	-1.629717846455496777e-01
9.739383987503292817e-01	1.241566606276475575e-02	6.325908027560631086e-02	2.174583533427653648e-01
9.135427821870091281e-01	-2.578132238822364863e-01	-2.160729698374503904e-01	2.286578194838104761e-01
9.275388324951543417e-01	-1.401998889116452818e-01	2.099439021188426735e-01	2.755707954878421906e-01
9.354273521426873517e-01	-2.644772629725420932e-01	-1.242842357222588012e-01	1.989494282093006716e-01
9.373673765041822259e-01	2.614414430467651984e-01	-5.997214526483433950e-02	2.222478686413557891e-01
9.045231095475040339e-01	3.690644358865165509e-01	-5.923860284116029551e-02	-2.052320013830901402e-01
9.806122295443140402e-01	-8.029300859687156511e-02	2.264466315262983129e-02	-1.773130205859013708e-01
9.061974243880098756e-01	2.890567208987847303e-02	-3.217147804024276248e-01	-2.728924517537766881e-01
9.563094311585208507e-01	2.432160802339506933e-01	1.377566077053511695e-01	8.568154542497889714e-02
8.862331107964002141e-01	1.971050334688647654e-01	-2.213471049093963527e-01	3.560139579533391219e-01
9.299060220880900340e-01	-2.514606638865802268e-01	3.773415424108221561e-02	2.657413370285758303e-01
9.311453808645706598e-01	2.756188942605249381e-01	1.930775891431672497e-01	1.404405546551337758e-01
8.992755705595760762e-01	3.043154557199369004e-01	-3.127922579252583324e-01	-2.926696066787147846e-02
9.017924459835027218e-01	-3.124353121457528193e-01	8.962907882849421859e-02	2.848178160154887784e-01
9.967765577872945704e-01	7.283836109840376161e-02	4.164735330948903837e-03	-3.337247335505486023e-02
9.234204320684648026e-01	1.243864908810110165e-01	-3.575896716505762019e-01	6.286758507872744484e-02
8.960981464582071787e-01	2.290938824598241497e-01	1.536714249045695035e-01	3.477199995707019320e-01
9.167106589250516580e-01	-1.833125204679007525e-01	1.377814604526750586e-01	3.271916209324912117e-01
9.089465980888300489e-01	2.660607248098812994e-01	1.012616257919402851e-01	-3.045880097416123755e-01
9.822093321035709756e-01	-4.565580207648907429e-02	-6.327151784568452175e-02	-1.708130284694718559e-01
9.131589439297365107e-01	-6.650355626458198666e-02	-3.582882820709178406e-01	1.826130528082871296e-01
9.244946183454213484e-01	-6.203835842757524782e-02	-8.144293295121841914e-02	3.671893127615083463e-01
9.416425435931552457e-01	-6.346773325643544073e-02	-1.017728163674858771e-01	3.145210021275728351e-01
9.384817555629908492e-01	-2.482191942662121398e-01	-2.019949498561353085e-01	1.297584922302064403e-01
9.656621507871480103e-01	-1.433814295642104643e-02	-8.407582446450928559e-03	2.592688580433575862e-01
9.341293362551641444e-01	1.457052182335362156e-01	-1.702562548253652441e-01	-2.778222097310515948e-01
9.026621033419301998e-01	-2.140301904958393231e-01	-1.615990341376812023e-01	-3.365679083222372081e-01
9.379171179647903811e-01	-1.534142100539558073e-01	-1.175704642873071915e-01	-2.880151834702628921e-01
9.580265697333901764e-01	1.940405662858520064e-02	1.814007602698524957e-01	-2.211387312180928821e-01
8.619116844216618833e-01	-3.353092577448117395e-01	1.430419144310189628e-01	3.524414286714119271e-01
8.830429026975630258e-01	3.554805343882826429e-01	-1.484873025373684152e-01	2.679931765020504564e-01
9.594102038556117096e-01	1.058091053707850004e-01	2.612656772223679869e-01	8.760129217376105143e-03
8.693079335212188230e-01	-3.226665185147030157e-01	-1.797928208959782559e-01	3.284274289716613282e-01
9.159882367436859019e-01	2.204276297602838497e-01	-2.723909288547686769e-01	-1.953980349519738591e-01
9.057297595001301271e-01	-2.390033728611798414e-01	-3.449054837335011614e-01	-5.975949972494590950e-02
9.517175542178307746e-01	-2.300354047949570158e-01	2.655928835334061405e-02	-2.015242261779329747e-01
9.238941062700076756e-01	-2.159745189083495803e-02	3.216683280632935404e-01	-2.061133600529868881e-01
9.544506423636393011e-01	-4.511294106538523557e-02	-2.571301221964492623e-01	-1.444745448143251731e-01
9.570652228341874901e-01	1.686093759791620350e-01	1.698774656474772993e-01	-1.635196753863424335e-01
9.882902606773776855e-01	6.428504245728119959e-02	-8.437858566435212093e-02	1.096815766106142426e-01
9.626513112564173413e-01	-2.013498453543380307e-01	1.478382115473465541e-01	-1.044248817024297227e-01
9.560600597815422930e-01	-7.450546105029581812e-02	2.700741170317987327e-01	8.636011622092021334e-02
9.291060256553874686e-01	1.755094136702559648e-01	-1.113991994734122269e-03	3.255106723685249892e-01
9.754058386625213961e-01	9.932238953828112504e-02	3.598323208444865334e-02	-1.934521125452649815e-01
9.233314215343038089e-01	-8.554508788739488556e-02	3.726496320353225311e-01	3.568439000064909522e-02
9.493399282200395417e-01	-2.629576872828298106e-01	1.175238975472278485e-01	-1.256785140401661116e-01
9.057334058317302317e-01	3.438116948891159486e-01	-2.115530153177693634e-02	2.469675469267718360e-01
9.445911603561194525e-01	2.506665784748815518e-01	-1.878632412468369817e-01	-9.808776070952324178e-02
9.240689989963141171e-01	3.762813969570752426e-01	-6.572285515878033280e-02	1.375869571434456748e-02
9.170001026911859254e-01	9.660056003360489169e-03	3.430039237533504259e-01	-2.033858482593419170e-01
9.487014516148956078e-01	2.785762840476012636e-01	-2.823119830151311904e-02	1.468462090504233375e-01
9.148750483960642610e-01	-3.020068484430921685e-01	-1.593247342746120510e-01	-2.154324450125711665e-01
9.927478589173350798e-01	-2.316352649526084301e-02	2.199213386410653684e-02	1.158942867593284604e-01
8.952360837763779777e-01	-1.643699637034777778e-03	3.002413857809143050e-01	3.292487856023059156e-01
9.900423327938563389e-01	-1.132102354661451565e-01	-8.001440365557264955e-02	2.444007097866252726e-02
9.709568617580425220e-01	8.524627304986199389e-03	2.320224847149263692e-01	5.775525881680587670e-02
9.159182709325268679e-01	2.734629801103875546e-01	2.091689340008312872e-02	-2.930430054643954341e-01
9.855076502290273099e-01	-9.449859691815291896e-02	-8.948945457754603483e-02	1.087948713863619854e-01
9.103290614606677211e-01	-2.766200250969935159e-01	-1.064324779018167161e-02	3.076834133520285897e-01
9.464126933670947706e-01	1.625072320733681741e-01	-1.542994053407646116e-01	-2.325641994567958226e-01
9.390860945317788255e-01	2.208307598575933728e-01	6.127248080885318304e-02	2.561186554183386144e-01
9.690904366167498729e-01	1.254155298168599109e-01	5.320428101370790197e-02	-2.056793013906059731e-01
9.060233203925976975e-01	2.943020033668121704e-01	-2.409839240041518338e-01	-1.855662202304458885e-01
9.101658600469038074e-01	-2.004838937072393468e-01	1.879465565765457424e-01	3.099683974860720781e-01
9.483875156053271915e-01	1.351040757282850890e-01	2.802376836751119260e-01	-6.143980480086972534e-02
8.818005137760563938e-01	-2.467354251995911851e-01	2.724032067201014318e-01	-2.955435277999939880e-01
9.236292957689458127e-01	1.710345116219664785e-01	-3.291620920718733023e-01	9.648024136818970919e-02
9.465792940548903855e-01	-4.443443754804553758e-04	-2.503729666003039478e-01	2.032260323393249302e-01
8.971656406853139032e-01	7.021934455101823055e-03	3.684890870968743348e-01	2.434343819199142056e-01
9.875040920562314639e-01	-1.178778646988430309e-02	-1.279621200008920767e-01	9.122725528708876264e-02
8.898603300865138843e-01	2.440788333127242027e-01	-3.099948133161971042e-01	2.290793133045322394e-01
9.322041061462723599e-01	-2.971489225087043870e-02	-2.486469292941853593e-01	2.613182623069443267e-01
9.454861562143450637e-01	2.705171326521083053e-01	2.789857993238944317e-02	-1.791593664491498705e-01
9.567414103778670853e-01	2.820994514117598773e-02	-3.756653457273407409e-02	2.871216260463447800e-01
9.163873462932939917e-01	1.777498912658768970e-01	4.772301371235409227e-03	-3.586313327752128632e-01
8.882228069714339647e-01	-1.669967040607346354e-01	2.677954440545869397e-01	3.338531805333668223e-01
9.666626369143430653e-01	-8.160360006340371120e-02	-2.335444210645064994e-02	-2.415755966243227915e-01
8.926767810763774902e-01	2.934970815910138420e-01	3.056990525770287292e-01	1.534135485483011652e-01
9.836083280730147926e-01	-8.459505124507285534e-02	1.199250611697828400e-01	-1.047679051698364450e-01
9.862009455597401386e-01	-4.859993140048012722e-02	1.728957009004970444e-02	1.573111960765803674e-01
9.339476590099478059e-01	3.361503282134187809e-01	5.091030613282099271e-02	-1.102400462686381200e-01
9.106604186516354948e-01	3.286741758713071504e-01	-9.764842124243867938e-02	-2.305117650910779858e-01
9.459812805364372634e-01	-1.705178425894720295e-01	2.390290931645214501e-01	-1.375069992917487272e-01
9.647966324586357834e-01	2.510978909605636189e-01	-7.654106222014064875e-02	1.608642116337771766e-02
9.626139559532121970e-01	-1.067793967188306326e-01	-5.848688552130691665e-02	-2.419748260924830252e-01
9.500087337578750901e-01	-2.395019224594300833e-01	-1.845240601541282000e-01	-7.793013631600767543e-02
9.362570660891446073e-01	-2.378226799672026048e-01	-1.173337643894477866e-01	2.304254040368949319e-01
9.631880936718892894e-01	-7.538449298394932045e-03	1.063777615663508841e-01	-2.467704192868745428e-01
9.599847220633771494e-01	2.502497930481785149e-01	-1.178075611579641052e-01	-4.388340253737103153e-02
9.835642618857380892e-01	1.713491339228813137e-01	3.894173318169517894e-02	4.152539538460076063e-02
8.774412063118960381e-01	3.193044103340174078e-01	-2.565950748783126234e-01	-2.496008624892215311e-01
9.682052681280436390e-01	-8.429087336457039004e-02	-2.022060785847743791e-01	-1.207737935974074195e-01
9.759503556438856586e-01	3.097591424225477896e-02	1.722240870619244080e-01	1.300009995773732385e-01
8.928104928196189949e-01	-3.104961093702399699e-01	-3.080592089297952696e-01	1.076155833078173418e-01
9.448958372336807576e-01	-1.352054623963277191e-01	2.849365986025451103e-01	-8.776374247642874937e-02
9.483084849027986207e-01	-1.286676565332556810e-01	-2.799577696914097302e-01	7.602169961932084274e-02
8.791893177636016521e-01	2.949701607787571511e-01	1.736425077455056032e-01	-3.314619545051570859e-01
9.468404141191564261e-01	2.921991342273045356e-01	7.281436152213556501e-02	-1.131855331020791416e-01
8.851523306555728610e-01	-4.478415618796463549e-02	3.520680886359396911e-01	3.009116013944551082e-01
9.540836165684886128e-01	1.566887326764474786e-01	2.548530284865475060e-01	1.493410590149237341e-02
9.686178947634322967e-01	6.671749031355067583e-02	-1.396808905999570027e-01	1.944669617994801425e-01
9.686703747967343459e-01	8.630459518575332722e-02	-2.249314945534159338e-01	-6.029133104306097501e-02
8.863663477265540935e-01	4.170104569576452147e-02	3.606542396612175128e-01	-2.873051336474137241e-01
9.030483595983455070e-01	3.281596309359800512e-01	-9.750319184101487180e-02	-2.594379394605054734e-01
9.803476708231260162e-01	1.126189035267102651e-01	-7.982716385027753547e-02	-1.409363359525651893e-01
9.257861360202804812e-01	4.462415966901377845e-02	3.188350248985829527e-01	1.981740185402545151e-01
9.726347492778005810e-01	1.279347149373831760e-01	-7.200508345878739273e-03	1.938104896303637914e-01
8.832866238270675741e-01	-2.336082938117057251e-01	2.194204444390226716e-01	-3.421791545269030621e-01
9.081109358328928183e-01	2.350310215324836749e-01	2.308103563056808361e-01	-2.584986006928268742e-01
9.353689627058394684e-01	5.522872240546319172e-02	1.585817622802079829e-01	-3.112659899509834793e-01
9.784522155760815298e-01	2.999818471075633639e-02	1.497212221772108720e-01	1.389781507218992851e-01
9.491387145496034128e-01	-1.121941824773630830e-01	-2.455538757161510044e-01	-1.620230233088480742e-01
9.588208124572177304e-01	3.639919704139081558e-02	-2.227517295691539001e-01	1.723931989017357946e-01
9.487023489174224444e-01	-1.363560766822066381e-02	-2.987632860132541368e-01	-1.025593598490460168e-01
9.508056267216751234e-01	2.480134550346563826e-01	-1.557404842936615519e-01	-1.010093454495716025e-01
8.733213530167382999e-01	-3.569048412319859587e-01	-3.298142084894849502e-01	3.393135052778021438e-02
9.874295878624607115e-01	2.972590854490978970e-02	-7.886513147795375100e-02	1.337141369187105355e-01
9.152407024961499715e-01	-2.480115497990948714e-01	1.769963071830376045e-01	-2.636229028445229439e-01
8.862188368884412748e-01	-3.491672071961935409e-01	-1.467130891759197975e-01	-2.667840025701829765e-01
9.359189592405185998e-01	9.229739442694667728e-02	2.440530543113887951e-01	2.365903620129602980e-01
9.413744103298141708e-01	-3.153896835033778157e-01	1.127431931795422893e-01	4.040469660217932413e-02
9.569246229341511478e-01	1.143120685314370361e-01	7.503069665710865310e-02	2.561218685890482294e-01
9.386696646496143215e-01	-1.251669219164926461e-01	-2.806672386744143988e-01	1.563918267027105957e-01
9.254089284288018469e-01	-2.493616846755645211e-01	2.805084501690435772e-01	5.246022096581687971e-02
9.629796024711186897e-01	-2.511188078678945335e-01	-3.160864199482139175e-02	-9.279290549830254697e-02
9.384180848571680444e-01	2.219716109989431085e-01	-1.446387684342831936e-01	2.217650301317874162e-01
9.612004855699269878e-01	1.249464753157212837e-01	1.375344385877816378e-01	-2.038781083114566683e-01
9.458772331106765074e-01	-2.399881677081649456e-01	-3.786220014336877382e-02	-2.151473751717001837e-01
9.264715213455331222e-01	-3.256562882367384226e-01	1.278002586172982125e-01	-1.388005618321316581e-01
9.105024608239538075e-01	-3.095235934850645854e-01	-1.606747316283678728e-01	-2.221802073222745588e-01
9.461988569020223228e-01	3.159017074488928434e-01	-6.535485920879656463e-02	-2.534909872123186983e-02
9.915028161650363270e-01	-3.491072904468674187e-02	9.423287564596657950e-02	-8.260491318234283731e-02
9.810602846456309978e-01	-8.699263216084861250e-02	-7.043688634488556866e-02	1.580874596000530208e-01
9.272002951385274194e-01	-6.445481197536817586e-02	2.202766520719619259e-01	2.960124768657824701e-01
9.502706068956174867e-01	4.470371364869709860e-03	-1.880599577196850336e-01	-2.481919453821279653e-01
9.061772490420391124e-01	2.678727922896118607e-01	-3.270845887867644408e-01	-1.013075751174868748e-02
9.051896117414448550e-01	2.934038607885465777e-01	-2.753774894360307979e-01	1.367961241470538603e-01
9.471277202598120670e-01	2.540587793452067644e-01	1.790530665448267500e-01	-7.964431878024141875e-02
9.167911065253641079e-01	2.380269697614772681e-02	3.121858030999317690e-01	2.479264466641482034e-01
9.908475603216972960e-01	-4.278127698922741529e-02	1.279711323071129336e-01	3.776749892043564701e-03
9.585460493423815231e-01	5.167705683885843310e-02	-1.327140034780473488e-01	2.467913012393569694e-01
8.973846584219402622e-01	-2.058160425358156465e-01	3.591358013267327287e-01	1.528463531434050560e-01
9.678566061311963953e-01	1.754525272377018275e-01	1.173709982271146507e-01	-1.367261841392357902e-01
9.206930499066214857e-01	-2.069785272316473357e-01	-1.068529116670219187e-01	-3.131559553751791514e-01
9.360080054020799567e-01	-1.395338403397461402e-01	2.022732509621614494e-01	-2.520016927888790725e-01
9.023945268908775130e-01	-2.748144266728213547e-01	-1.141618128416016509e-02	-3.317089379784110004e-01
8.895012517137551589e-01	-2.392574961833594527e-01	1.297341651885646763e-01	-3.670319061097532254e-01
9.668371800925679160e-01	4.299025118969302534e-02	-1.531319656539143759e-01	1.998206860869690127e-01
9.558147742156772875e-01	1.843077896982130148e-01	9.299345856409745037e-02	2.092868192502351232e-01
9.606503458955435448e-01	6.434201374931076967e-02	-1.571970161233690044e-01	-2.197728743939189044e-01
9.566619873795313422e-01	-2.002740800751623418e-01	-1.316457608403163726e-01	-1.654011136778324731e-01
9.660609304081858584e-01	-1.413488588378026822e-01	-1.428760509259806577e-01	-1.622751149003381910e-01
9.075553325738009436e-01	-1.862368310039021480e-01	1.597585137469445249e-01	-3.407878788628623812e-01
9.033336337646933334e-01	3.307025416060577205e-01	-2.721520746000206104e-01	-2.360981524013755495e-02
9.463711952310006614e-01	2.763852994968945542e-01	-9.078871960319805090e-02	-1.405351751408554506e-01
9.958920034542394495e-01	8.413665863043100213e-02	2.918990345714687559e-02	-1.637344394347092780e-02
9.087196760882421120e-01	1.917885593351355000e-01	3.311987790024957246e-01	-1.665925195964379768e-01
8.988620035411971632e-01	1.343982633831399820e-01	2.652060598677893899e-01	-3.219471248495687221e-01
9.877844333235012986e-01	-7.790018980026733320e-02	-2.344069825021327658e-02	1.329060095646326656e-01
9.074191553475090544e-01	-5.399885728508002636e-02	-2.583746519110568518e-01	3.269818636716096405e-01
9.884611208005883443e-01	-7.642952694290691684e-02	-2.156829838234580743e-02	1.289881722555148158e-01
